-5.326784906726134068e+03 -6.446066502929127637e+03
-5.542260220139974990e+03 -5.218933201048434967e+03
-5.830473317748033878e+03 -5.742189815949130207e+03
-5.279480110403927029e+03 -5.540174202977708774e+03
-5.711088256985867702e+03 -6.083941232260227480e+03
-5.704375873320514984e+03 -5.718520865315655101e+03
-5.744325233260680761e+03 -5.209763411281775007e+03
-5.983516931720052526e+03 -5.192335127964341154e+03
-5.874337071642393312e+03 -5.596486228400703112e+03
-7.939905616660057603e+03 -5.346306804013430337e+03
-8.544245815714984928e+03 -5.880655547957567251e+03
-8.078385873573234676e+03 -5.830546608745972662e+03
-1.087803811287754797e+04 -7.078631328516671601e+03
-7.923183611995737920e+03 -6.755002076162587400e+03
-1.078284637554076653e+04 -8.283398306793083975e+03
-9.609875984444941423e+03 -8.982150092088184465e+03
-1.374036602831931305e+04 -9.017261468847400465e+03
-1.328515185771863798e+04 -1.130823200030204862e+04
-1.321814628763617657e+04 -9.527805032757194567e+03
-1.547708224874052758e+04 -1.405783224654664991e+04
-1.536799306427883675e+04 -1.210966697665526954e+04
-1.592145181582811347e+04 -1.213280686186365165e+04
-1.510343699535548694e+04 -1.366148030946294421e+04
-1.218369634031099486e+04 -1.229096397582948157e+04
-1.086451730587503880e+04 -1.212670489700493454e+04
-2.847999248936965159e+03 -8.185506521677174533e+03
-1.523751010892354861e+04 -1.665204289526384309e+04
-1.027896990237298996e+04 -1.434981942978616826e+04
-6.336372456109577797e+03 -1.029496853305843979e+04
-4.848668082448930363e+03 -1.010390968387617795e+04
-6.471794025476042407e+03 -6.407386105347262856e+03
-5.710623760166031389e+03 -5.620132348878382800e+03
-6.261623758405546141e+03 -4.411778890703586512e+03
-3.485984643995663191e+03 -2.246251994137101065e+03
-7.006278262863625059e+03 -4.987908117484117611e+03
-4.498806276073211848e+03 -4.169193016964989511e+03
-4.869006843794055385e+03 -1.003265101789437949e+03
-3.868833797490287907e+03 -2.815993172199338460e+03
-7.500612622216318414e+03 -2.481429194995062517e+03
-5.385051974917336338e+03 -4.458736244231824458e+03
-5.944784014785220279e+03 -4.926374793744915223e+03
-4.960116099802880854e+03 -4.335907341529161386e+03
-7.302279704831466006e+03 -9.580142976217252908e+02
-2.308857387812998695e+03 -2.114802484728948912e+03
-9.620789522575651063e+03 -3.976716650537151509e+03
-8.148540170950986067e+03 -2.108987978493481933e+03
-7.435971286595373385e+03 -1.564466830818817016e+03
-7.203591683423607719e+03 -6.678864349486415449e+03
-6.565139667834233478e+03 -2.412977339891010160e+03
-4.313306115784625945e+03 -5.869605777040939756e+03
-8.773896151476412342e+03 -6.547853804556979412e+03
0.000000000000000000e+00 0.000000000000000000e+00
0.000000000000000000e+00 0.000000000000000000e+00
0.000000000000000000e+00 0.000000000000000000e+00
0.000000000000000000e+00 0.000000000000000000e+00
-2.358777344528237791e+03 0.000000000000000000e+00
-5.462055884593745759e+03 -3.105860909391255063e+03
-3.178059462273503868e+03 -3.032990993300286846e+03
-4.098662415952808260e+03 -3.636247016142891880e+03
-3.364324560286055657e+03 -1.984856673877419553e+03
-2.986910327355368281e+03 -3.164298806772779244e+03
-4.653283847833396067e+03 -1.549315546839258332e+03
-3.223413124858389438e+03 -3.293487917195637237e+03
-5.465758064810897849e+03 -1.688310465884312180e+03
-1.702903723958320825e+03 -1.085217786036214648e+03
-3.026217835986172304e+03 -1.388784418686762137e+03
-4.974756302337428679e+03 -2.882974763770772370e+03
-3.596614041949561397e+03 -2.408021534500719099e+03
-6.233866530266679547e+03 -3.346825471417803328e+03
-2.959902169670599960e+03 -2.869361372018976454e+03
-4.951406204705901473e+03 -2.081649767478627382e+03
-4.355810002491027262e+03 -1.225100000000000136e+03
0.000000000000000000e+00 -7.160779999999999745e+02
0.000000000000000000e+00 -6.158000000000000682e+02
-4.222619677192279596e+03 -2.237729000000000269e+03
0.000000000000000000e+00 -2.912599400000000060e+03
-4.901368368039808956e+03 -1.329100000000000136e+03
-8.540996735425076622e+03 -4.821383842479265695e+03
-3.927756607584617541e+03 -4.572033020362784555e+03
-2.187082324268061711e+03 0.000000000000000000e+00
-1.921045884160685546e+03 0.000000000000000000e+00
0.000000000000000000e+00 0.000000000000000000e+00
0.000000000000000000e+00 0.000000000000000000e+00
-2.083082324268061711e+03 0.000000000000000000e+00
-5.990290648111047631e+03 -4.664632840442458473e+03
-3.342481818466458662e+03 -3.081267468823872605e+03
-4.457793399569288340e+03 -3.446184598006931083e+03
-3.659773531489855486e+03 -1.215855495105996852e+03
-3.032878091378429417e+03 -1.660466324380147626e+03
-2.735744077748091513e+03 -1.376220176122114935e+03
-2.305112860871576686e+03 -1.932336667808229322e+03
-1.013504019634886731e+03 -1.266636867961180087e+03
-3.076326136026057611e+03 -2.857649495976225808e+03
-8.122033815828281149e+02 -1.304502257595414449e+03
-2.214097118831569333e+03 -1.619096051276846993e+03
-4.044175151399961578e+03 -2.893042251474857949e+03
-5.325264780174270527e+03 -3.768104267230816276e+03
-6.610846394041389431e+03 -1.110396819949427254e+03
-1.646444459505982422e+03 -7.583326417742275680e+02
-2.701687932870139775e+03 0.000000000000000000e+00
0.000000000000000000e+00 -2.035181919999999991e+03
-1.405335624207488308e+03 -2.214480000000000018e+03
0.000000000000000000e+00 0.000000000000000000e+00
-1.848526691535548935e+03 -1.177993518793555950e+03
-3.581702454660160583e+03 0.000000000000000000e+00
-3.076952726290889586e+03 -1.373911909531606625e+03
-1.394100000000000136e+03 -3.166911426723081604e+03
-1.108750486324397343e+03 -1.958400000000000091e+03
0.000000000000000000e+00 0.000000000000000000e+00
0.000000000000000000e+00 0.000000000000000000e+00
0.000000000000000000e+00 0.000000000000000000e+00
0.000000000000000000e+00 0.000000000000000000e+00
-5.020679571995829974e+03 -5.012849535831060166e+03
-2.793803994089128537e+03 -2.266289472280264363e+03
-3.495036782898980164e+03 -3.812155475365362690e+03
-2.610704416650724852e+03 -3.132551639215686919e+03
-1.897313737512738044e+03 -1.676891625002773253e+03
-1.502638843864528553e+03 -1.060827204492564533e+03
-1.301946371639839526e+03 -1.163590072370225698e+03
-2.526884854576216640e+03 -2.010446143515332551e+03
-1.220750714812708566e+03 -6.474068591546042626e+02
-1.795971550629100420e+03 -1.235124919655617759e+03
-3.948365570962329002e+03 -1.645985261557793820e+03
-1.900574433350441268e+03 -7.040199999999999818e+02
-1.672955660865984555e+03 -1.412445515738692166e+03
-1.120100000000000136e+03 -1.307340000000000146e+03
-1.642010700506373269e+03 -3.088253000000000156e+03
0.000000000000000000e+00 -1.094600000000000136e+03
-1.060400000000000091e+03 -8.777000000000000455e+02
-4.427584838913211570e+03 -2.602232230000000072e+03
-2.604237795301970891e+03 -1.586446619181632741e+03
-2.336790197199785325e+03 -1.149600000000000136e+03
-1.620476928170142401e+03 0.000000000000000000e+00
-4.415844792532315296e+03 -2.776135000000000218e+03
-1.415800000000000182e+03 -4.133358299999999872e+03
0.000000000000000000e+00 0.000000000000000000e+00
0.000000000000000000e+00 0.000000000000000000e+00
0.000000000000000000e+00 0.000000000000000000e+00
0.000000000000000000e+00 0.000000000000000000e+00
0.000000000000000000e+00 0.000000000000000000e+00
-5.448281865231323536e+03 -5.502150400952568816e+03
-4.061661521648560665e+03 -2.839340438030904807e+03
-2.074804314184572377e+03 -2.437721004479995827e+03
-2.546786968509961298e+03 -2.155555050169624792e+03
-1.035275043657726428e+03 -9.036604886967202219e+02
-1.696891929646442350e+03 -2.089356055022128658e+03
-2.508162733206524081e+03 -1.654737276058137013e+03
-3.907613351562488901e+02 -1.183916067185890824e+03
-1.677300030572215292e+03 -1.214011135391614744e+03
-9.609000000000000909e+02 -2.351356406893695805e+02
-1.331649955135792425e+03 0.000000000000000000e+00
-2.249377823801436989e+03 -1.411556000000000040e+03
-3.721954000000000633e+03 -2.942668350800000098e+03
0.000000000000000000e+00 -1.343550200000000132e+03
0.000000000000000000e+00 -1.041098612000000003e+03
-1.647335624207488308e+03 -3.146000000000000227e+02
-6.991000000000000227e+02 0.000000000000000000e+00
-1.057423153123582779e+03 0.000000000000000000e+00
0.000000000000000000e+00 0.000000000000000000e+00
-5.422335590826918633e+03 -1.433500000000000000e+03
-9.728000000000000682e+02 0.000000000000000000e+00
-2.053187543769195599e+03 -4.015393460000000232e+03
-3.682920000000000073e+03 0.000000000000000000e+00
0.000000000000000000e+00 0.000000000000000000e+00
0.000000000000000000e+00 0.000000000000000000e+00
0.000000000000000000e+00 0.000000000000000000e+00
0.000000000000000000e+00 0.000000000000000000e+00
0.000000000000000000e+00 0.000000000000000000e+00
-5.200634274640416152e+03 -5.453686271652152755e+03
-1.995739208717091060e+03 -1.930873234409718634e+03
-1.948026585420835545e+03 -1.025508876203692353e+03
-8.378833164556990596e+02 -1.217626598224905365e+03
-1.001882635502189146e+03 -6.074036689841262842e+02
-1.051877027604818068e+03 -8.911873239400476905e+02
-2.071275776962198506e+03 -1.888184722193146627e+03
-2.491000000000000227e+02 -4.999859999999999900e+02
-4.309326442050749506e+02 -5.052000000000000455e+02
-1.902535567222324516e+03 0.000000000000000000e+00
-2.256796320198958711e+03 0.000000000000000000e+00
-1.968479357128760057e+03 0.000000000000000000e+00
0.000000000000000000e+00 -3.430000000000000000e+02
-8.549000000000000909e+02 -9.785800000000000409e+02
-1.000600000000000023e+03 -8.547000000000000455e+02
0.000000000000000000e+00 -9.320500000000000682e+02
-3.380858855734114968e+03 0.000000000000000000e+00
-1.123182593722989623e+03 -1.196700000000000045e+03
0.000000000000000000e+00 0.000000000000000000e+00
-1.604569000000000187e+03 0.000000000000000000e+00
0.000000000000000000e+00 0.000000000000000000e+00
0.000000000000000000e+00 -8.988000000000000682e+02
-2.923360000000000127e+03 -2.786079999999999927e+03
-8.798000000000000682e+02 0.000000000000000000e+00
0.000000000000000000e+00 0.000000000000000000e+00
0.000000000000000000e+00 0.000000000000000000e+00
0.000000000000000000e+00 0.000000000000000000e+00
0.000000000000000000e+00 0.000000000000000000e+00
-5.185270133035359322e+03 -5.251011113915325950e+03
-2.081986173496557967e+03 -1.735320429822639198e+03
-2.531933926863061515e+03 -2.951110367424405013e+03
-2.105423371184814641e+03 -1.984608417486890403e+03
-7.369116462252990232e+02 -7.511000000000000227e+02
-1.127277564333143800e+03 -1.770161378551675170e+03
-2.064414256219271920e+03 -1.975912530208571297e+03
-8.566090000000000373e+02 0.000000000000000000e+00
-9.710631045243926565e+02 -4.705649999999999977e+02
-1.095119779537855493e+03 -2.200190000000000055e+03
-1.162050714812708748e+03 -6.936000000000000227e+02
-2.027095860000000357e+03 -2.335487420000000384e+03
-2.392881053029989744e+03 -1.191700000000000045e+03
-1.073510700506373269e+03 0.000000000000000000e+00
-1.272990000000000236e+03 -1.396200000000000045e+03
-1.100400000000000091e+03 0.000000000000000000e+00
0.000000000000000000e+00 0.000000000000000000e+00
0.000000000000000000e+00 -1.581029999999999973e+03
-1.393486878939227608e+03 -2.079139500000000226e+03
0.000000000000000000e+00 -5.366000000000000227e+02
-1.333819779537855538e+03 0.000000000000000000e+00
-1.707900000000000091e+03 -7.397000000000000455e+02
0.000000000000000000e+00 -6.675000000000000000e+02
0.000000000000000000e+00 0.000000000000000000e+00
0.000000000000000000e+00 0.000000000000000000e+00
0.000000000000000000e+00 0.000000000000000000e+00
0.000000000000000000e+00 0.000000000000000000e+00
0.000000000000000000e+00 0.000000000000000000e+00
-4.742049216519014408e+03 -4.905585669981741376e+03
-1.179786890597312322e+03 -6.478588004334546895e+02
-1.116372668280521566e+03 -8.787740139931318026e+02
-3.916685201640624427e+02 -6.808392124291200389e+02
-4.779839379784567654e+02 0.000000000000000000e+00
-4.443189999999999600e+02 -5.120675200000000586e+02
0.000000000000000000e+00 0.000000000000000000e+00
-7.244845643331437941e+02 0.000000000000000000e+00
0.000000000000000000e+00 0.000000000000000000e+00
0.000000000000000000e+00 0.000000000000000000e+00
-1.024813819104530694e+03 -3.608000000000000114e+02
-1.099700000000000045e+03 -4.923000000000000114e+02
-1.306000000000000000e+03 0.000000000000000000e+00
0.000000000000000000e+00 0.000000000000000000e+00
-7.412673161639107775e+02 -6.078999999999999773e+02
0.000000000000000000e+00 0.000000000000000000e+00
0.000000000000000000e+00 0.000000000000000000e+00
-1.319400000000000091e+03 0.000000000000000000e+00
0.000000000000000000e+00 0.000000000000000000e+00
0.000000000000000000e+00 0.000000000000000000e+00
-2.064502400000000307e+03 0.000000000000000000e+00
-3.448170307134345421e+03 0.000000000000000000e+00
-1.930800000000000182e+03 0.000000000000000000e+00
0.000000000000000000e+00 0.000000000000000000e+00
0.000000000000000000e+00 0.000000000000000000e+00
0.000000000000000000e+00 0.000000000000000000e+00
0.000000000000000000e+00 0.000000000000000000e+00
0.000000000000000000e+00 0.000000000000000000e+00
-5.325861547173700274e+03 -6.205528111671364059e+03
-1.588700780158407042e+03 -1.636453735574707025e+03
-1.751289426457128229e+03 -1.582857657271164953e+03
-1.308660780158407078e+03 0.000000000000000000e+00
-8.034020000000000437e+02 -1.657612448693705119e+03
0.000000000000000000e+00 -2.944440000000000168e+02
-2.822176790000000437e+03 -1.045090395788401793e+03
-1.014091341202999047e+03 -2.996000000000000227e+02
0.000000000000000000e+00 0.000000000000000000e+00
-8.105000000000000000e+02 0.000000000000000000e+00
0.000000000000000000e+00 -5.251000000000000227e+02
-1.326359294772699286e+03 -1.070545368671937013e+03
0.000000000000000000e+00 -9.018700000000000045e+02
-1.064200000000000045e+03 0.000000000000000000e+00
0.000000000000000000e+00 0.000000000000000000e+00
-1.214799999999999955e+03 0.000000000000000000e+00
0.000000000000000000e+00 0.000000000000000000e+00
0.000000000000000000e+00 0.000000000000000000e+00
0.000000000000000000e+00 0.000000000000000000e+00
0.000000000000000000e+00 0.000000000000000000e+00
0.000000000000000000e+00 0.000000000000000000e+00
0.000000000000000000e+00 0.000000000000000000e+00
0.000000000000000000e+00 0.000000000000000000e+00
0.000000000000000000e+00 0.000000000000000000e+00
0.000000000000000000e+00 0.000000000000000000e+00
0.000000000000000000e+00 0.000000000000000000e+00
0.000000000000000000e+00 0.000000000000000000e+00
0.000000000000000000e+00 0.000000000000000000e+00
-7.475622034013141274e+03 -7.530434266921024573e+03
-6.467500000000000000e+02 -1.079273416288519002e+03
-6.610000000000000000e+02 0.000000000000000000e+00
-8.824493149667980560e+02 0.000000000000000000e+00
0.000000000000000000e+00 -3.918000000000000114e+02
0.000000000000000000e+00 0.000000000000000000e+00
-1.278954780247470580e+03 0.000000000000000000e+00
-1.060400000000000091e+03 0.000000000000000000e+00
0.000000000000000000e+00 -5.971000000000000227e+02
0.000000000000000000e+00 0.000000000000000000e+00
0.000000000000000000e+00 0.000000000000000000e+00
0.000000000000000000e+00 0.000000000000000000e+00
0.000000000000000000e+00 0.000000000000000000e+00
0.000000000000000000e+00 0.000000000000000000e+00
0.000000000000000000e+00 0.000000000000000000e+00
0.000000000000000000e+00 -5.401000000000000227e+02
0.000000000000000000e+00 -6.854000000000000909e+02
0.000000000000000000e+00 0.000000000000000000e+00
0.000000000000000000e+00 0.000000000000000000e+00
0.000000000000000000e+00 0.000000000000000000e+00
0.000000000000000000e+00 0.000000000000000000e+00
0.000000000000000000e+00 0.000000000000000000e+00
0.000000000000000000e+00 0.000000000000000000e+00
0.000000000000000000e+00 0.000000000000000000e+00
0.000000000000000000e+00 0.000000000000000000e+00
0.000000000000000000e+00 0.000000000000000000e+00
0.000000000000000000e+00 0.000000000000000000e+00
0.000000000000000000e+00 0.000000000000000000e+00
0.000000000000000000e+00 0.000000000000000000e+00
0.000000000000000000e+00 0.000000000000000000e+00
0.000000000000000000e+00 0.000000000000000000e+00
0.000000000000000000e+00 0.000000000000000000e+00
0.000000000000000000e+00 0.000000000000000000e+00
0.000000000000000000e+00 0.000000000000000000e+00
0.000000000000000000e+00 0.000000000000000000e+00
0.000000000000000000e+00 0.000000000000000000e+00
0.000000000000000000e+00 0.000000000000000000e+00
0.000000000000000000e+00 0.000000000000000000e+00
0.000000000000000000e+00 0.000000000000000000e+00
0.000000000000000000e+00 0.000000000000000000e+00
0.000000000000000000e+00 0.000000000000000000e+00
0.000000000000000000e+00 0.000000000000000000e+00
0.000000000000000000e+00 0.000000000000000000e+00
0.000000000000000000e+00 0.000000000000000000e+00
0.000000000000000000e+00 0.000000000000000000e+00
0.000000000000000000e+00 0.000000000000000000e+00
0.000000000000000000e+00 0.000000000000000000e+00
0.000000000000000000e+00 0.000000000000000000e+00
0.000000000000000000e+00 0.000000000000000000e+00
0.000000000000000000e+00 0.000000000000000000e+00
0.000000000000000000e+00 0.000000000000000000e+00
0.000000000000000000e+00 0.000000000000000000e+00
0.000000000000000000e+00 0.000000000000000000e+00
0.000000000000000000e+00 0.000000000000000000e+00
0.000000000000000000e+00 0.000000000000000000e+00
0.000000000000000000e+00 0.000000000000000000e+00
0.000000000000000000e+00 0.000000000000000000e+00
0.000000000000000000e+00 0.000000000000000000e+00
0.000000000000000000e+00 0.000000000000000000e+00
0.000000000000000000e+00 0.000000000000000000e+00
0.000000000000000000e+00 0.000000000000000000e+00
0.000000000000000000e+00 0.000000000000000000e+00
0.000000000000000000e+00 0.000000000000000000e+00
0.000000000000000000e+00 0.000000000000000000e+00
0.000000000000000000e+00 0.000000000000000000e+00
0.000000000000000000e+00 0.000000000000000000e+00
0.000000000000000000e+00 0.000000000000000000e+00
0.000000000000000000e+00 0.000000000000000000e+00
0.000000000000000000e+00 0.000000000000000000e+00
0.000000000000000000e+00 0.000000000000000000e+00
0.000000000000000000e+00 0.000000000000000000e+00
0.000000000000000000e+00 0.000000000000000000e+00
0.000000000000000000e+00 0.000000000000000000e+00
0.000000000000000000e+00 0.000000000000000000e+00
0.000000000000000000e+00 0.000000000000000000e+00
0.000000000000000000e+00 0.000000000000000000e+00
0.000000000000000000e+00 0.000000000000000000e+00
0.000000000000000000e+00 0.000000000000000000e+00
0.000000000000000000e+00 0.000000000000000000e+00
0.000000000000000000e+00 0.000000000000000000e+00
0.000000000000000000e+00 0.000000000000000000e+00
0.000000000000000000e+00 0.000000000000000000e+00
0.000000000000000000e+00 0.000000000000000000e+00
0.000000000000000000e+00 0.000000000000000000e+00
0.000000000000000000e+00 0.000000000000000000e+00
0.000000000000000000e+00 0.000000000000000000e+00
0.000000000000000000e+00 0.000000000000000000e+00
0.000000000000000000e+00 0.000000000000000000e+00
0.000000000000000000e+00 0.000000000000000000e+00
0.000000000000000000e+00 0.000000000000000000e+00
0.000000000000000000e+00 0.000000000000000000e+00
0.000000000000000000e+00 0.000000000000000000e+00
0.000000000000000000e+00 0.000000000000000000e+00
0.000000000000000000e+00 0.000000000000000000e+00
0.000000000000000000e+00 0.000000000000000000e+00
0.000000000000000000e+00 0.000000000000000000e+00
0.000000000000000000e+00 0.000000000000000000e+00
0.000000000000000000e+00 0.000000000000000000e+00
0.000000000000000000e+00 0.000000000000000000e+00
0.000000000000000000e+00 0.000000000000000000e+00
0.000000000000000000e+00 0.000000000000000000e+00
0.000000000000000000e+00 0.000000000000000000e+00
0.000000000000000000e+00 0.000000000000000000e+00
0.000000000000000000e+00 0.000000000000000000e+00
0.000000000000000000e+00 0.000000000000000000e+00
0.000000000000000000e+00 0.000000000000000000e+00
0.000000000000000000e+00 0.000000000000000000e+00
0.000000000000000000e+00 0.000000000000000000e+00
0.000000000000000000e+00 0.000000000000000000e+00
0.000000000000000000e+00 0.000000000000000000e+00
0.000000000000000000e+00 0.000000000000000000e+00
0.000000000000000000e+00 0.000000000000000000e+00
