-9.480320825621598487e+03 -9.083693404786326937e+03
-8.850073464802018862e+03 -8.356014621525788243e+03
-8.683332901373829372e+03 -8.616451499030279592e+03
-9.287091896902453300e+03 -8.301142850032234492e+03
-9.965188356840322740e+03 -8.065268317743642911e+03
-1.023723004443616628e+04 -7.895047816983222219e+03
-1.102539018936642969e+04 -8.131690812514289064e+03
-1.079620902905019466e+04 -7.672325113591215086e+03
-1.132010085883056672e+04 -7.059384972597914384e+03
-1.211596487261459515e+04 -8.694441416819367078e+03
-1.387976733671128568e+04 -7.515769943363869970e+03
-1.473580499215127566e+04 -7.714201808027752122e+03
-1.624808245749926391e+04 -8.658995376515920725e+03
-1.630181709512562520e+04 -8.641730713129327341e+03
-1.616382524287921296e+04 -9.579799113495409983e+03
-1.664471841130603934e+04 -1.123876679375721687e+04
-2.017765555680394755e+04 -1.391546453166498031e+04
-2.051978589820576599e+04 -1.394488758463980594e+04
-1.773987827785810077e+04 -1.456703970732414382e+04
-2.008074730325016571e+04 -1.561604073799154685e+04
-2.101183667282749957e+04 -1.608330848838659222e+04
-2.419617203349858391e+04 -1.755546839782181632e+04
-2.356352916533514144e+04 -1.783259965003484103e+04
-1.826786800148973634e+04 -1.986469613685916192e+04
-1.479137012078975931e+04 -1.645672818074925090e+04
-1.254440900154087649e+04 -1.801252360265091556e+04
-2.090047230882157965e+04 -2.252462388937519427e+04
-1.570705126403771283e+04 -2.031134179950711768e+04
-1.006275414728330907e+04 -1.127905173901457783e+04
-1.008619645022803525e+04 -9.969181700271981754e+03
-1.015288701808178303e+04 -9.220857091835505344e+03
-9.442987361640556628e+03 -8.540286415026650502e+03
-9.183906352091664303e+03 -6.414021222089302682e+03
-7.153373853726518973e+03 -6.636971856403475613e+03
-1.185643544349442527e+04 -8.303988366420688180e+03
-9.165933563285472701e+03 -6.642427355918308422e+03
-9.647042501223450017e+03 -4.728963043594893861e+03
-9.575497570188535974e+03 -5.758566634511495067e+03
-9.614145225309994203e+03 -5.548786734593869369e+03
-1.348542961978115818e+04 -8.537157466800254042e+03
-1.514472549779919063e+04 -7.376050845701793151e+03
-7.015575016489247901e+03 -5.936533719809529430e+03
-1.043696201847666271e+04 -2.853906382105265948e+03
-7.422314906423634056e+03 -4.618148144156743911e+03
-1.034461989990008078e+04 -5.922536566664537531e+03
-1.284369271656017008e+04 -5.200460176656014482e+03
-1.111334299466303310e+04 -4.919070015014923229e+03
-1.097792657821427201e+04 -8.950149477967741404e+03
-8.717681079613914335e+03 -4.009582281094496011e+03
-1.779254695241165973e+04 -9.888568667204603116e+03
-1.866666760710065137e+04 -8.665876922920047946e+03
0.000000000000000000e+00 -2.136472845736277122e+03
0.000000000000000000e+00 0.000000000000000000e+00
0.000000000000000000e+00 0.000000000000000000e+00
0.000000000000000000e+00 0.000000000000000000e+00
-2.358777344528237791e+03 0.000000000000000000e+00
-9.528777614712425930e+03 -6.786298622605234414e+03
-7.943711741820157840e+03 -6.404082172821964377e+03
-8.731534216400530568e+03 -6.870751653932067711e+03
-8.253670818145754311e+03 -6.631755424600833067e+03
-5.952591252125816027e+03 -4.606396483111070665e+03
-6.745756307127401669e+03 -4.902435284338150268e+03
-8.061410867150030754e+03 -5.675594954138819958e+03
-9.409433690333651612e+03 -2.542042497591581650e+03
-4.803043673448745722e+03 -3.225628265428841587e+03
-5.081346661726429375e+03 -3.529995327214599001e+03
-1.098391867462455230e+04 -6.255735155244604357e+03
-7.810201878853076778e+03 -4.182501323556390162e+03
-1.191353604553723562e+04 -5.149591497279579926e+03
-1.210565562676673289e+04 -4.454221467678650697e+03
-7.253539890109768749e+03 -4.256974599733844116e+03
-6.549738273050510543e+03 -2.440876939220387612e+03
-5.455222590179935651e+03 -3.086003163181535456e+03
-7.775788465354032269e+03 -3.028411824754107329e+03
-7.419803539573934358e+03 -3.159024400000000242e+03
-3.557721807967502627e+03 -4.609986660000000484e+03
-7.765749614701838254e+03 -2.537483593638343791e+03
-1.107535708695830363e+04 -8.172557675168358401e+03
-9.996793549667472689e+03 -6.085888833421626259e+03
-2.187082324268061711e+03 -1.389200000000000045e+03
-1.921045884160685546e+03 0.000000000000000000e+00
0.000000000000000000e+00 -1.577000000000000000e+03
0.000000000000000000e+00 0.000000000000000000e+00
-2.083082324268061711e+03 0.000000000000000000e+00
-1.012606843915494210e+04 -8.006686508112401498e+03
-8.004476045762891772e+03 -6.039507040076315207e+03
-7.246049277332532256e+03 -6.637408848434347419e+03
-7.994612412229242182e+03 -6.321781726584943499e+03
-5.764648348574170996e+03 -4.609552879040191328e+03
-5.091119293299700075e+03 -5.123398772777220984e+03
-4.263537231938081277e+03 -4.093779028071310222e+03
-4.901009024618741023e+03 -4.096837931942130126e+03
-6.286994402224522673e+03 -3.369528788724455808e+03
-3.569345685039079399e+03 -3.465072826991367037e+03
-3.971245852844605906e+03 -3.852887280824611935e+03
-4.044175151399961578e+03 -2.893042251474857949e+03
-8.359238698447908973e+03 -4.314447863837242039e+03
-7.680348485562199130e+03 -2.188253598494979997e+03
-4.796894204035520488e+03 -2.639707935399870621e+03
-2.701687932870139775e+03 0.000000000000000000e+00
0.000000000000000000e+00 -2.035181919999999991e+03
-3.712026520580866418e+03 -3.442623999999999796e+03
0.000000000000000000e+00 -2.462853822863998175e+03
-9.295184403565148386e+03 -1.775480010641960462e+03
-5.174821915382401130e+03 0.000000000000000000e+00
-9.986373485022919340e+03 -3.291235092366297522e+03
-9.971334330636129380e+03 -5.453031619291967218e+03
-4.558993521157968644e+03 -1.958400000000000091e+03
0.000000000000000000e+00 0.000000000000000000e+00
0.000000000000000000e+00 0.000000000000000000e+00
0.000000000000000000e+00 0.000000000000000000e+00
0.000000000000000000e+00 0.000000000000000000e+00
-1.047714007043088532e+04 -9.967086466339320395e+03
-7.066834334177993696e+03 -6.325970633122164145e+03
-7.873976346364040182e+03 -6.912976616691271374e+03
-5.864276820964887520e+03 -5.810735470422150684e+03
-3.772725156022283045e+03 -3.425195142789622878e+03
-4.840151301833904654e+03 -3.443874696803487495e+03
-6.700726967909312407e+03 -5.134927872960292007e+03
-5.475637039190600262e+03 -4.725107557684430503e+03
-3.526034674143866141e+03 -2.419518655719460185e+03
-4.882919004323455738e+03 -3.554745048782435333e+03
-5.050179463024445795e+03 -4.202263708304344618e+03
-4.807798118761592377e+03 -1.095191623073668097e+03
-6.650039898842958792e+03 -5.103045130222189073e+03
-2.176408809871209542e+03 -2.880207789686078740e+03
-3.302630427870652966e+03 -4.870771508136158445e+03
-1.095980001355538434e+03 -2.488687200000000303e+03
-3.441384458794126658e+03 -4.063275842706990261e+03
-5.486552100388070357e+03 -4.369615441548434319e+03
-2.604237795301970891e+03 -1.586446619181632741e+03
-2.336790197199785325e+03 -1.149600000000000136e+03
-1.620476928170142401e+03 -1.560700000000000045e+03
-4.415844792532315296e+03 -4.673590095230397310e+03
-8.012113111631634638e+03 -5.559369670000000042e+03
0.000000000000000000e+00 0.000000000000000000e+00
0.000000000000000000e+00 0.000000000000000000e+00
0.000000000000000000e+00 0.000000000000000000e+00
0.000000000000000000e+00 0.000000000000000000e+00
0.000000000000000000e+00 0.000000000000000000e+00
-9.214741988502819368e+03 -9.672502949260089736e+03
-6.129921820012966236e+03 -6.307983922843857727e+03
-6.337933407879259903e+03 -6.142805318624534266e+03
-5.330748826192631896e+03 -5.341826198885548365e+03
-2.087610304042121243e+03 -4.183948932478076131e+03
-4.428131874828719447e+03 -2.966735684868948738e+03
-5.001217625079345453e+03 -4.691530048350004108e+03
-2.350975643607602706e+03 -1.890367645175014331e+03
-3.644472906599029557e+03 -2.185405031680992579e+03
-2.028536558423531460e+03 -1.692554338078389264e+03
-2.920826106215169602e+03 -1.405149023962582760e+03
-3.723731338586545917e+03 -3.136375603842078817e+03
-3.721954000000000633e+03 -3.939955160798307588e+03
-2.885021455002012772e+03 -1.798374766240388681e+03
-1.547376444574545985e+03 -2.287264750800000002e+03
-1.647335624207488308e+03 -3.146000000000000227e+02
-2.841457257292514896e+03 -2.455227273318000243e+03
-1.057423153123582779e+03 0.000000000000000000e+00
-3.117922354315739540e+03 0.000000000000000000e+00
-5.422335590826918633e+03 -1.433500000000000000e+03
-9.728000000000000682e+02 0.000000000000000000e+00
-2.592668789392276267e+03 -4.015393460000000232e+03
-5.416136253710554229e+03 -1.658589766200000213e+03
0.000000000000000000e+00 0.000000000000000000e+00
0.000000000000000000e+00 0.000000000000000000e+00
0.000000000000000000e+00 0.000000000000000000e+00
0.000000000000000000e+00 0.000000000000000000e+00
0.000000000000000000e+00 0.000000000000000000e+00
-8.285055675972500467e+03 -8.757479544065512528e+03
-3.939264836611911505e+03 -5.450641791979492154e+03
-3.986662420273431053e+03 -3.627832437304876294e+03
-3.359997365217674087e+03 -3.906911446606875415e+03
-4.279240249764714463e+03 -4.078646475367823768e+03
-2.814996348428218425e+03 -2.873859437417720983e+03
-3.879400879982188599e+03 -3.574686404817955008e+03
-3.884893671683455068e+03 -3.177048268051122704e+03
-1.879530470065240252e+03 -2.612075656326890567e+03
-2.777401010500092070e+03 -1.124625173239143805e+03
-6.264820627784573844e+03 -1.306279850266608719e+03
-3.692537089684367857e+03 -3.725653892362071019e+03
-1.728124601291471663e+03 -1.033295798858332319e+03
-2.036925790991007489e+03 -1.546888330208571460e+03
-2.768113156551714383e+03 -3.246154300000000148e+03
0.000000000000000000e+00 -2.089445000000000164e+03
-3.380858855734114968e+03 0.000000000000000000e+00
-1.123182593722989623e+03 -1.196700000000000045e+03
0.000000000000000000e+00 -5.705000000000000000e+02
-6.281884293389560298e+03 0.000000000000000000e+00
0.000000000000000000e+00 0.000000000000000000e+00
-1.981038865309973517e+03 -8.988000000000000682e+02
-5.485963400000000547e+03 -4.096218979707525250e+03
-8.798000000000000682e+02 0.000000000000000000e+00
0.000000000000000000e+00 0.000000000000000000e+00
0.000000000000000000e+00 0.000000000000000000e+00
0.000000000000000000e+00 0.000000000000000000e+00
0.000000000000000000e+00 0.000000000000000000e+00
-7.457338221092598360e+03 -7.745572577571020702e+03
-4.149807327689945851e+03 -3.765995545734784173e+03
-5.671206045828116658e+03 -3.911900578451404272e+03
-5.326712388901657505e+03 -5.403718508490235763e+03
-3.984966452865573956e+03 -2.449833479919053389e+03
-4.333913034182136471e+03 -4.248129674801015426e+03
-4.381058376535122989e+03 -3.061337022432927370e+03
-8.566090000000000373e+02 -1.945179144007319110e+03
-3.194597582844776298e+03 -2.561108283920385475e+03
-3.352350967715732168e+03 -2.960585572281548593e+03
-2.496963887429788883e+03 -2.194785319122205692e+03
-4.849437921661657128e+03 -3.698824810200000229e+03
-4.513295698047366386e+03 -3.591023606059536178e+03
-1.073510700506373269e+03 0.000000000000000000e+00
-1.883595470931472619e+03 -2.781893051184544674e+03
-1.100400000000000091e+03 -9.775860000000001264e+02
-8.370647550020129302e+02 0.000000000000000000e+00
-2.095754056584433329e+03 -3.084862410000000182e+03
-2.112275600229430438e+03 -3.478299480481563478e+03
0.000000000000000000e+00 -5.366000000000000227e+02
-1.333819779537855538e+03 -9.298171000000000959e+02
-1.707900000000000091e+03 -1.535483000000000175e+03
0.000000000000000000e+00 -1.406250000000000000e+03
0.000000000000000000e+00 0.000000000000000000e+00
0.000000000000000000e+00 0.000000000000000000e+00
0.000000000000000000e+00 0.000000000000000000e+00
0.000000000000000000e+00 0.000000000000000000e+00
0.000000000000000000e+00 0.000000000000000000e+00
-8.407782013934180213e+03 -8.235711477457385627e+03
-3.992299708957347320e+03 -4.513357583071116096e+03
-2.829918511224092526e+03 -1.672363739684028815e+03
-2.048763937029988483e+03 -6.808392124291200389e+02
-4.779839379784567654e+02 0.000000000000000000e+00
-2.761426761933035777e+03 -1.575364965718990788e+03
-4.717407262879261907e+03 -1.401953613006250407e+03
-1.571511967899829415e+03 -6.932999600000000555e+02
0.000000000000000000e+00 0.000000000000000000e+00
-2.867061777364902809e+03 -3.931000000000000227e+02
-1.024813819104530694e+03 -8.995272920390109448e+02
-2.320758338071593244e+03 -1.167165750403695029e+03
-2.321199999999999818e+03 -1.558424000000000206e+03
-9.223360000000001264e+02 0.000000000000000000e+00
-2.060437378284063016e+03 -6.078999999999999773e+02
0.000000000000000000e+00 -6.254269257996255647e+02
0.000000000000000000e+00 0.000000000000000000e+00
-1.319400000000000091e+03 -6.530720000000001164e+02
0.000000000000000000e+00 0.000000000000000000e+00
-1.608386878939227699e+03 0.000000000000000000e+00
-2.064502400000000307e+03 0.000000000000000000e+00
-3.448170307134345421e+03 0.000000000000000000e+00
-1.930800000000000182e+03 0.000000000000000000e+00
0.000000000000000000e+00 0.000000000000000000e+00
0.000000000000000000e+00 0.000000000000000000e+00
0.000000000000000000e+00 0.000000000000000000e+00
0.000000000000000000e+00 0.000000000000000000e+00
0.000000000000000000e+00 0.000000000000000000e+00
-7.706213273634832149e+03 -7.832315364139066332e+03
-2.931762994129259368e+03 -4.005279035706481409e+03
-3.114563535299047089e+03 -3.740870191356295436e+03
-2.178388518414792543e+03 -1.992703385052423528e+03
-2.723944924100256685e+03 -1.657612448693705119e+03
-1.934719663616550406e+03 -1.299219185701444985e+03
-4.419875438176551143e+03 -3.926824631127158682e+03
-1.621323207082699355e+03 -2.996000000000000227e+02
-1.722424000000000206e+03 0.000000000000000000e+00
-8.105000000000000000e+02 -8.352478000000000975e+02
-1.378259207725942815e+03 -1.113457572615166100e+03
-3.351379168765886789e+03 -1.474220558517873314e+03
0.000000000000000000e+00 -1.308782999999999902e+03
-1.064200000000000045e+03 -1.218875412028947949e+03
-1.408117865092599232e+03 0.000000000000000000e+00
-1.214799999999999955e+03 0.000000000000000000e+00
0.000000000000000000e+00 0.000000000000000000e+00
0.000000000000000000e+00 0.000000000000000000e+00
0.000000000000000000e+00 0.000000000000000000e+00
0.000000000000000000e+00 0.000000000000000000e+00
0.000000000000000000e+00 0.000000000000000000e+00
0.000000000000000000e+00 0.000000000000000000e+00
0.000000000000000000e+00 0.000000000000000000e+00
0.000000000000000000e+00 0.000000000000000000e+00
0.000000000000000000e+00 0.000000000000000000e+00
0.000000000000000000e+00 0.000000000000000000e+00
0.000000000000000000e+00 0.000000000000000000e+00
0.000000000000000000e+00 0.000000000000000000e+00
-8.889600097772115987e+03 -8.865342288288735290e+03
-1.589692834291166946e+03 -1.079273416288519002e+03
-6.610000000000000000e+02 0.000000000000000000e+00
-8.824493149667980560e+02 -1.014793693182663333e+03
-9.558235923838325334e+02 -1.520600805945986167e+03
-1.147213819104530558e+03 0.000000000000000000e+00
-1.278954780247470580e+03 -1.646880732420814866e+03
-1.897619294772699277e+03 0.000000000000000000e+00
0.000000000000000000e+00 -5.971000000000000227e+02
-1.035893524671322439e+03 0.000000000000000000e+00
0.000000000000000000e+00 0.000000000000000000e+00
-1.221157742305871579e+03 0.000000000000000000e+00
-1.381564600000000155e+03 0.000000000000000000e+00
-1.463219686080760312e+03 0.000000000000000000e+00
0.000000000000000000e+00 0.000000000000000000e+00
0.000000000000000000e+00 -5.401000000000000227e+02
-1.453213819104530558e+03 -1.060460000000000036e+03
0.000000000000000000e+00 0.000000000000000000e+00
0.000000000000000000e+00 0.000000000000000000e+00
0.000000000000000000e+00 0.000000000000000000e+00
0.000000000000000000e+00 0.000000000000000000e+00
0.000000000000000000e+00 0.000000000000000000e+00
0.000000000000000000e+00 0.000000000000000000e+00
0.000000000000000000e+00 0.000000000000000000e+00
0.000000000000000000e+00 0.000000000000000000e+00
0.000000000000000000e+00 0.000000000000000000e+00
0.000000000000000000e+00 0.000000000000000000e+00
0.000000000000000000e+00 0.000000000000000000e+00
0.000000000000000000e+00 0.000000000000000000e+00
0.000000000000000000e+00 0.000000000000000000e+00
0.000000000000000000e+00 0.000000000000000000e+00
0.000000000000000000e+00 0.000000000000000000e+00
0.000000000000000000e+00 0.000000000000000000e+00
0.000000000000000000e+00 0.000000000000000000e+00
0.000000000000000000e+00 0.000000000000000000e+00
0.000000000000000000e+00 0.000000000000000000e+00
0.000000000000000000e+00 0.000000000000000000e+00
0.000000000000000000e+00 0.000000000000000000e+00
0.000000000000000000e+00 0.000000000000000000e+00
0.000000000000000000e+00 0.000000000000000000e+00
0.000000000000000000e+00 0.000000000000000000e+00
0.000000000000000000e+00 0.000000000000000000e+00
0.000000000000000000e+00 0.000000000000000000e+00
0.000000000000000000e+00 0.000000000000000000e+00
0.000000000000000000e+00 0.000000000000000000e+00
0.000000000000000000e+00 0.000000000000000000e+00
0.000000000000000000e+00 0.000000000000000000e+00
0.000000000000000000e+00 0.000000000000000000e+00
0.000000000000000000e+00 0.000000000000000000e+00
0.000000000000000000e+00 0.000000000000000000e+00
0.000000000000000000e+00 0.000000000000000000e+00
0.000000000000000000e+00 0.000000000000000000e+00
0.000000000000000000e+00 0.000000000000000000e+00
0.000000000000000000e+00 0.000000000000000000e+00
0.000000000000000000e+00 0.000000000000000000e+00
0.000000000000000000e+00 0.000000000000000000e+00
0.000000000000000000e+00 0.000000000000000000e+00
0.000000000000000000e+00 0.000000000000000000e+00
0.000000000000000000e+00 0.000000000000000000e+00
0.000000000000000000e+00 0.000000000000000000e+00
0.000000000000000000e+00 0.000000000000000000e+00
0.000000000000000000e+00 0.000000000000000000e+00
0.000000000000000000e+00 0.000000000000000000e+00
0.000000000000000000e+00 0.000000000000000000e+00
0.000000000000000000e+00 0.000000000000000000e+00
0.000000000000000000e+00 0.000000000000000000e+00
0.000000000000000000e+00 0.000000000000000000e+00
0.000000000000000000e+00 0.000000000000000000e+00
0.000000000000000000e+00 0.000000000000000000e+00
0.000000000000000000e+00 0.000000000000000000e+00
0.000000000000000000e+00 0.000000000000000000e+00
0.000000000000000000e+00 0.000000000000000000e+00
0.000000000000000000e+00 0.000000000000000000e+00
0.000000000000000000e+00 0.000000000000000000e+00
0.000000000000000000e+00 0.000000000000000000e+00
0.000000000000000000e+00 0.000000000000000000e+00
0.000000000000000000e+00 0.000000000000000000e+00
0.000000000000000000e+00 0.000000000000000000e+00
0.000000000000000000e+00 0.000000000000000000e+00
0.000000000000000000e+00 0.000000000000000000e+00
0.000000000000000000e+00 0.000000000000000000e+00
0.000000000000000000e+00 0.000000000000000000e+00
0.000000000000000000e+00 0.000000000000000000e+00
0.000000000000000000e+00 0.000000000000000000e+00
0.000000000000000000e+00 0.000000000000000000e+00
0.000000000000000000e+00 0.000000000000000000e+00
0.000000000000000000e+00 0.000000000000000000e+00
0.000000000000000000e+00 0.000000000000000000e+00
0.000000000000000000e+00 0.000000000000000000e+00
0.000000000000000000e+00 0.000000000000000000e+00
0.000000000000000000e+00 0.000000000000000000e+00
0.000000000000000000e+00 0.000000000000000000e+00
0.000000000000000000e+00 0.000000000000000000e+00
0.000000000000000000e+00 0.000000000000000000e+00
0.000000000000000000e+00 0.000000000000000000e+00
0.000000000000000000e+00 0.000000000000000000e+00
0.000000000000000000e+00 0.000000000000000000e+00
0.000000000000000000e+00 0.000000000000000000e+00
0.000000000000000000e+00 0.000000000000000000e+00
0.000000000000000000e+00 0.000000000000000000e+00
0.000000000000000000e+00 0.000000000000000000e+00
0.000000000000000000e+00 0.000000000000000000e+00
0.000000000000000000e+00 0.000000000000000000e+00
0.000000000000000000e+00 0.000000000000000000e+00
0.000000000000000000e+00 0.000000000000000000e+00
0.000000000000000000e+00 0.000000000000000000e+00
0.000000000000000000e+00 0.000000000000000000e+00
0.000000000000000000e+00 0.000000000000000000e+00
0.000000000000000000e+00 0.000000000000000000e+00
0.000000000000000000e+00 0.000000000000000000e+00
0.000000000000000000e+00 0.000000000000000000e+00
0.000000000000000000e+00 0.000000000000000000e+00
