-2.279400326839500849e+04 -9.558152547375168069e+03
-2.197202246091392590e+04 -1.330424552160816347e+04
-2.422083537135891675e+04 -1.387242873491217324e+04
-2.413667379088390589e+04 -1.574663128571332709e+04
-2.550869521673667623e+04 -1.573200978105035028e+04
-2.589650773521667725e+04 -1.655818618067032003e+04
-2.693596836145850466e+04 -1.584560995094133796e+04
-2.789785482932998639e+04 -1.729005004240756170e+04
-2.812749322903345092e+04 -1.776336036220062670e+04
-2.984821948342793985e+04 -1.754483771718393473e+04
-2.972573776772823476e+04 -2.013493237446082640e+04
-3.127397279036720283e+04 -1.816153307841903006e+04
-3.127447926749926410e+04 -1.979410697414880633e+04
-3.287318986866556952e+04 -2.115698321083917472e+04
-3.261565328709741152e+04 -2.094735422031502821e+04
-3.275505783602069641e+04 -2.152605827127904195e+04
-3.276266192120258711e+04 -2.317742585900291306e+04
-3.492012177348697878e+04 -2.273246477181289811e+04
-3.332979664020468772e+04 -2.338947475312403549e+04
-3.378350234821389313e+04 -2.574758961199604892e+04
-3.227658645343536773e+04 -2.433427716551902995e+04
-3.336120439629830798e+04 -2.497193818416363501e+04
-3.206235699028540694e+04 -2.536665552429286618e+04
-2.684012490381568932e+04 -2.894641398169159584e+04
-2.662670125992267276e+04 -2.499257913006016679e+04
-2.710586742777539985e+04 -2.455935454167861462e+04
-2.799798380452088168e+04 -2.673477124202032792e+04
-2.322145419183840204e+04 -2.805401520894391069e+04
-2.255645239564429721e+04 -1.316183305549647048e+04
-2.684301230409431446e+04 -1.461604078462317193e+04
-2.630206436416804354e+04 -1.621930901655892922e+04
-2.271395434857840883e+04 -1.554180056434783364e+04
-2.671624556341846619e+04 -1.569718047034731171e+04
-2.719271431506722365e+04 -1.651267826473151217e+04
-3.030965692903500167e+04 -1.708267940815892871e+04
-2.898598303846600902e+04 -1.629714338294630033e+04
-2.557542619493174789e+04 -1.701018170145436670e+04
-2.878658642413093912e+04 -1.767274982623992400e+04
-2.889081428608948409e+04 -1.744720827365463992e+04
-3.095324383362877052e+04 -1.837799827516179357e+04
-3.371271163266115764e+04 -1.872952235889748044e+04
-2.779883994656279538e+04 -1.844926775463060403e+04
-3.148245484671757004e+04 -1.552618575992154547e+04
-2.939538610430284098e+04 -1.627714087395866409e+04
-2.611363913817779394e+04 -1.806116826286312789e+04
-2.513363742737925713e+04 -1.881395354877633872e+04
-2.423749001519663580e+04 -1.721960155826574555e+04
-2.818400999993765072e+04 -1.697098868670467346e+04
-2.595746273714533891e+04 -1.519108559193742985e+04
-2.488070395325621939e+04 -1.778821373369900539e+04
-3.134232431445082693e+04 -1.829390216302795670e+04
0.000000000000000000e+00 -8.005483442026650664e+03
-3.158115276272232222e+03 -2.494653290167206251e+03
0.000000000000000000e+00 0.000000000000000000e+00
-3.219979259964069570e+03 0.000000000000000000e+00
-2.358777344528237791e+03 -2.188094216670073820e+03
-2.364405206751949299e+04 -1.298740686939451916e+04
-2.532202777515907655e+04 -1.517336827967378304e+04
-2.359727343750662840e+04 -1.941251514934175066e+04
-2.548832589690064924e+04 -2.083234152550775980e+04
-2.530321916470782890e+04 -1.887532726206295411e+04
-2.637182968092920783e+04 -1.917042269071357805e+04
-3.031256976471866437e+04 -1.931729601771208036e+04
-2.554689417546385812e+04 -1.993500779071093348e+04
-2.764446978738520920e+04 -1.986272706405213466e+04
-2.772876768143191657e+04 -2.078793973070058928e+04
-2.615430350962773809e+04 -2.092522661761889685e+04
-2.922329119853651719e+04 -1.855177230779849197e+04
-2.909773160382566493e+04 -1.910749347064373433e+04
-2.342836872893057080e+04 -1.819212035459574690e+04
-2.719060257980176539e+04 -1.628126466685188461e+04
-2.466436504024421083e+04 -1.807076607907350262e+04
-2.835980488445329684e+04 -1.764977284736416186e+04
-2.281633859221003877e+04 -1.412115884117597670e+04
-1.856900888204502189e+04 -1.580410213935381762e+04
-2.534782015548417257e+04 -1.440118604374845563e+04
-1.728133683367210324e+04 -1.333094685216515791e+04
-2.431283248447665756e+04 -1.480274934419847341e+04
-2.231969793337051669e+04 -1.371450780688388113e+04
-9.096459496149518600e+03 -9.478856455462730082e+03
-6.970627595684982225e+03 -3.166723469999999907e+03
-8.228588799935729185e+03 -1.577000000000000000e+03
-3.319618542406879897e+03 -2.052700000000000273e+03
-2.083082324268061711e+03 0.000000000000000000e+00
-2.371857624546677107e+04 -1.658678131701015445e+04
-2.370677682067803107e+04 -1.873882263742852592e+04
-2.557416283789478257e+04 -1.981103736631606807e+04
-2.594977641917305664e+04 -2.017812574459824464e+04
-2.127555058799405379e+04 -1.815114329978069873e+04
-2.297858342216561505e+04 -1.913036961159766361e+04
-2.531317235779490147e+04 -1.811493281621308415e+04
-2.060706185029715925e+04 -1.925617001227184664e+04
-2.422736582959681255e+04 -1.818699229298588034e+04
-2.231258453621836452e+04 -1.781728118875212385e+04
-2.106919226396537852e+04 -1.744203951626677008e+04
-2.598043090496704099e+04 -1.907137413585403556e+04
-2.695178209763439372e+04 -1.743224083007332229e+04
-2.639387580700209219e+04 -1.534004811407808120e+04
-1.574018121210947356e+04 -1.408037281193395393e+04
-1.817880604136684997e+04 -1.174580121008831702e+04
-1.591197701409171532e+04 -1.349662642325914749e+04
-1.482717243953717661e+04 -1.344751931781905114e+04
-1.088334349770824338e+04 -8.654548959616473439e+03
-2.058797390753095169e+04 -1.172864012405713765e+04
-1.521844557302747489e+04 -8.116979586102660505e+03
-1.893914361313234986e+04 -9.481958844815253542e+03
-1.899267347325708761e+04 -1.710671699805756361e+04
-8.721801765802933005e+03 -7.809143564232686003e+03
0.000000000000000000e+00 -2.471623643361308496e+03
0.000000000000000000e+00 0.000000000000000000e+00
-2.952413763968779222e+03 -1.979066698242988195e+03
0.000000000000000000e+00 0.000000000000000000e+00
-2.474890688543273427e+04 -1.821075122365691277e+04
-2.406556477568432456e+04 -2.010051780416581823e+04
-2.441283053715679125e+04 -2.226671522836034637e+04
-2.320126525042749563e+04 -2.004864314743014620e+04
-2.187848697735326277e+04 -1.990802552505033236e+04
-2.269348511547874296e+04 -1.939262339508953301e+04
-2.309910382786414993e+04 -1.976416574519513961e+04
-2.312515757220739033e+04 -1.914475241259877657e+04
-2.005958854238533240e+04 -1.897978340080857379e+04
-2.068431572863863039e+04 -1.676406526332317299e+04
-1.855881798659508786e+04 -1.812766479717888797e+04
-2.014894908222638333e+04 -2.089459579541125640e+04
-2.394415735723566468e+04 -2.041193965318673509e+04
-1.947804338443688539e+04 -1.673926445523601797e+04
-1.651811104992953915e+04 -1.518129119129742139e+04
-1.312663214391013935e+04 -1.192699233853077021e+04
-1.255239468475582908e+04 -1.029204540877494037e+04
-1.653054268884003250e+04 -9.177927309851093014e+03
-8.160454124901449177e+03 -8.188280545826718480e+03
-1.324755834694919758e+04 -6.860891896282047128e+03
-1.189024553122524048e+04 -1.017255739652702323e+04
-1.555794422439412119e+04 -1.400385847935556194e+04
-2.394196915281521069e+04 -1.046507627040489206e+04
-6.199061993855469154e+03 -3.945899893326647543e+03
0.000000000000000000e+00 0.000000000000000000e+00
0.000000000000000000e+00 0.000000000000000000e+00
0.000000000000000000e+00 0.000000000000000000e+00
0.000000000000000000e+00 0.000000000000000000e+00
-2.502661604804251692e+04 -2.084098065638545813e+04
-2.313461640146475474e+04 -2.192136993039515073e+04
-2.340813493390426811e+04 -2.364151737776474693e+04
-2.333465564438009824e+04 -2.140423345345097550e+04
-2.132382803214211526e+04 -1.977865038744022968e+04
-2.019395421427337715e+04 -1.990986646171903340e+04
-2.146464756732365640e+04 -2.086374372732009215e+04
-2.047143944233221555e+04 -2.052018227475131062e+04
-2.007754116838691334e+04 -1.994710374891416723e+04
-2.180223071066853663e+04 -1.992258105418855484e+04
-2.376365797180959271e+04 -1.692297727852455864e+04
-1.792537207191025664e+04 -1.812591984065701763e+04
-2.316053674443159980e+04 -1.906433685187396259e+04
-1.378037436952170901e+04 -1.253544911120872166e+04
-1.717906130719815337e+04 -1.083985715466110196e+04
-1.421197036967154600e+04 -8.603920471987654309e+03
-9.137240645227584537e+03 -9.165124369218930951e+03
-6.895428397608577143e+03 -4.744477896528185738e+03
-8.168551571532617345e+03 -8.609197901402400021e+03
-1.069845222904562252e+04 -4.796429651223825203e+03
-1.080543647514990153e+04 -5.432114098606522020e+03
-1.082465941498192660e+04 -7.155283114885274699e+03
-1.371377392269252596e+04 -7.354423321680845220e+03
-2.829191666713844370e+03 0.000000000000000000e+00
-2.569453175492199989e+03 0.000000000000000000e+00
0.000000000000000000e+00 0.000000000000000000e+00
0.000000000000000000e+00 0.000000000000000000e+00
0.000000000000000000e+00 0.000000000000000000e+00
-2.535809517034689270e+04 -2.264529077535968463e+04
-2.273407174974097143e+04 -2.247607187068982603e+04
-2.333215293881227990e+04 -2.330377632982704745e+04
-2.265684765548333962e+04 -2.310729793134094507e+04
-2.176063202578106575e+04 -2.151923618081850873e+04
-2.209873621461405855e+04 -2.276186995668619420e+04
-2.374816263662364872e+04 -2.220302090201919054e+04
-2.117020368839746152e+04 -2.122603192928569115e+04
-2.285613357751553849e+04 -1.942206920177836582e+04
-2.098355543006611333e+04 -2.094360441638524208e+04
-1.907507446253623493e+04 -1.870509303770645420e+04
-2.115239396954605763e+04 -2.134302291578654695e+04
-1.937846188195109426e+04 -1.503203983183331002e+04
-1.885533774878355325e+04 -1.556678479073100971e+04
-1.738427886498414955e+04 -1.326969349953890742e+04
-1.330848795181426976e+04 -1.316120995461437269e+04
-1.358207687364141748e+04 -1.191395082895241831e+04
-7.723854201853395352e+03 -8.089705125754732762e+03
-6.971227462986171304e+03 -6.386970807070733827e+03
-1.003150076915430327e+04 -8.347426755055195827e+03
-5.739908570208732272e+03 0.000000000000000000e+00
-6.026201876510176589e+03 -8.098251587249500517e+03
-1.011667107711368408e+04 -1.089780575055344889e+04
-8.798000000000000682e+02 0.000000000000000000e+00
0.000000000000000000e+00 0.000000000000000000e+00
0.000000000000000000e+00 0.000000000000000000e+00
0.000000000000000000e+00 0.000000000000000000e+00
0.000000000000000000e+00 0.000000000000000000e+00
-2.452693140562870030e+04 -2.425373017259234985e+04
-2.239841199904359746e+04 -2.255464469107970217e+04
-2.379258636144540287e+04 -2.436587627375863303e+04
-2.322579941458086614e+04 -2.306921880436313222e+04
-2.447290553830218414e+04 -2.429719080616528299e+04
-2.444203451253036837e+04 -2.398861198981508278e+04
-2.440986536160334072e+04 -2.357485137954085803e+04
-2.400880295859149919e+04 -2.360585564417756541e+04
-2.250970311698654768e+04 -2.266146551917422039e+04
-2.288465916658333663e+04 -2.209525466056942241e+04
-2.153157829630805645e+04 -2.079058022967745637e+04
-2.280329208028638095e+04 -2.178119509280537750e+04
-1.974795362522399228e+04 -1.996538343829773657e+04
-1.678518479505277719e+04 -1.746278651695383451e+04
-1.673258942371979720e+04 -1.692075796978315338e+04
-1.572920296620808585e+04 -1.558462810109323073e+04
-1.087319457921264984e+04 -1.064304086452348383e+04
-1.288830534116490162e+04 -1.252769586624607109e+04
-7.484721986450033000e+03 -7.462583099648046300e+03
-8.652589825339522577e+03 -5.673851537334041495e+03
-7.651565251375770458e+03 -5.581363040751568406e+03
-6.194807027353261219e+03 -5.303334818703107885e+03
-4.989617568339162972e+03 -4.277417630245258806e+03
0.000000000000000000e+00 -2.062700000000000273e+03
0.000000000000000000e+00 0.000000000000000000e+00
0.000000000000000000e+00 0.000000000000000000e+00
0.000000000000000000e+00 0.000000000000000000e+00
0.000000000000000000e+00 0.000000000000000000e+00
-2.566118037845429717e+04 -2.539811113944208773e+04
-2.282915331062358746e+04 -2.217302275824233220e+04
-2.085201837494417123e+04 -2.176933289686597345e+04
-2.145942405477655484e+04 -2.252172433339865893e+04
-1.967169874088054348e+04 -1.971951172860021688e+04
-1.978468826846231968e+04 -1.968938645708627519e+04
-1.804816077892608155e+04 -1.819316804218458128e+04
-1.801698771572767509e+04 -1.749166816160143571e+04
-1.325117102624746440e+04 -1.427570990220512249e+04
-1.197541314247589435e+04 -1.286106906342418370e+04
-1.115668258416395292e+04 -1.105193977902582992e+04
-1.339824391610169005e+04 -1.338659617676488597e+04
-1.223066155827396869e+04 -1.125372718313691075e+04
-1.300305435018802382e+04 -1.126430160652964150e+04
-8.456548049125778562e+03 -6.688371238451924000e+03
-2.896236414382463408e+03 -3.682423966968398418e+03
-7.017751761395781614e+03 -4.793627452931950756e+03
-5.066023556866632134e+03 -3.195007977701946402e+03
-6.591279729073795352e+03 -6.619336098581447004e+03
-1.608386878939227699e+03 -2.637466284157997507e+03
-3.985513085433742162e+03 -1.591409046792852450e+03
-3.448170307134345421e+03 0.000000000000000000e+00
-5.615414647368158512e+03 -4.672601613811546486e+03
0.000000000000000000e+00 0.000000000000000000e+00
0.000000000000000000e+00 0.000000000000000000e+00
0.000000000000000000e+00 0.000000000000000000e+00
0.000000000000000000e+00 0.000000000000000000e+00
0.000000000000000000e+00 0.000000000000000000e+00
-2.563325838219973230e+04 -2.594957641416476690e+04
-2.381874085700189971e+04 -2.493782648153977061e+04
-2.188170604768287012e+04 -2.119635630459410459e+04
-2.085183279916330866e+04 -2.067825521935839060e+04
-2.031284664814060670e+04 -2.010666802560898941e+04
-2.269210637291697276e+04 -2.176617940468930101e+04
-1.825921591990872912e+04 -1.711877513467932295e+04
-1.752978067069903409e+04 -1.685879183097543500e+04
-1.333611029912102458e+04 -1.513023340420208297e+04
-1.365873591245345779e+04 -1.079686528665842707e+04
-1.690711779907587334e+04 -1.457348659613937707e+04
-1.441645708879181075e+04 -1.577882694376717882e+04
-1.788410391950793564e+04 -1.690723101519817646e+04
-1.181697268253577568e+04 -1.171446393170920237e+04
-5.381271068222904432e+03 -2.056080296906070998e+03
-5.991431596277077006e+03 -6.759477881700450780e+03
-3.453624763785675441e+03 -4.814568446856858827e+03
-2.295636706000000231e+03 -3.781131831126079305e+03
-3.375264685189638385e+03 -2.467604991362597048e+03
-1.754408508109787817e+03 -2.077237836273227458e+03
-4.154971475128679231e+03 -1.446975788570101940e+03
-2.373680187651017604e+03 -2.521685632287907538e+03
-2.054000000000000000e+03 0.000000000000000000e+00
0.000000000000000000e+00 0.000000000000000000e+00
0.000000000000000000e+00 0.000000000000000000e+00
0.000000000000000000e+00 0.000000000000000000e+00
0.000000000000000000e+00 0.000000000000000000e+00
0.000000000000000000e+00 0.000000000000000000e+00
-2.850780110021644214e+04 -2.920220219285544226e+04
-2.619865676540821005e+04 -2.637725080491090557e+04
-2.409095992873308933e+04 -2.385917844888018590e+04
-1.771771052525332925e+04 -2.188968434665077439e+04
-2.339782115640107077e+04 -2.327402164902626100e+04
-1.752022021230591781e+04 -1.928568906677678024e+04
-2.614623670657561161e+04 -2.482504141520167468e+04
-1.795231620274007946e+04 -1.892346251703507733e+04
-1.567908351460619269e+04 -1.522942360939960781e+04
-8.760662960882587868e+03 -9.094629642736968890e+03
-1.129677028198022163e+04 -1.004139076614110490e+04
-1.228589207425990389e+04 -1.346050579626966282e+04
-9.662403424355286916e+03 -7.582771675963605958e+03
-5.656742017295846381e+03 -3.832830774030207067e+03
-3.695324845786962214e+03 -4.939244681686755030e+03
-6.302503038271262994e+03 -1.708879439333770279e+03
-2.553292437194077593e+03 -2.293198524968494894e+03
-2.500251575350491748e+03 0.000000000000000000e+00
0.000000000000000000e+00 0.000000000000000000e+00
-1.917400000000000091e+03 0.000000000000000000e+00
0.000000000000000000e+00 0.000000000000000000e+00
-2.073604749837232248e+03 -1.096956966353410053e+03
0.000000000000000000e+00 -1.023400000000000091e+03
0.000000000000000000e+00 0.000000000000000000e+00
0.000000000000000000e+00 0.000000000000000000e+00
0.000000000000000000e+00 0.000000000000000000e+00
0.000000000000000000e+00 0.000000000000000000e+00
0.000000000000000000e+00 0.000000000000000000e+00
0.000000000000000000e+00 0.000000000000000000e+00
0.000000000000000000e+00 0.000000000000000000e+00
0.000000000000000000e+00 0.000000000000000000e+00
0.000000000000000000e+00 0.000000000000000000e+00
0.000000000000000000e+00 0.000000000000000000e+00
0.000000000000000000e+00 0.000000000000000000e+00
0.000000000000000000e+00 0.000000000000000000e+00
0.000000000000000000e+00 0.000000000000000000e+00
0.000000000000000000e+00 0.000000000000000000e+00
0.000000000000000000e+00 0.000000000000000000e+00
0.000000000000000000e+00 0.000000000000000000e+00
0.000000000000000000e+00 0.000000000000000000e+00
0.000000000000000000e+00 0.000000000000000000e+00
0.000000000000000000e+00 0.000000000000000000e+00
0.000000000000000000e+00 0.000000000000000000e+00
0.000000000000000000e+00 0.000000000000000000e+00
0.000000000000000000e+00 0.000000000000000000e+00
0.000000000000000000e+00 0.000000000000000000e+00
0.000000000000000000e+00 0.000000000000000000e+00
0.000000000000000000e+00 0.000000000000000000e+00
0.000000000000000000e+00 0.000000000000000000e+00
0.000000000000000000e+00 0.000000000000000000e+00
0.000000000000000000e+00 0.000000000000000000e+00
0.000000000000000000e+00 0.000000000000000000e+00
0.000000000000000000e+00 0.000000000000000000e+00
0.000000000000000000e+00 0.000000000000000000e+00
0.000000000000000000e+00 0.000000000000000000e+00
0.000000000000000000e+00 0.000000000000000000e+00
0.000000000000000000e+00 0.000000000000000000e+00
0.000000000000000000e+00 0.000000000000000000e+00
0.000000000000000000e+00 0.000000000000000000e+00
0.000000000000000000e+00 0.000000000000000000e+00
0.000000000000000000e+00 0.000000000000000000e+00
0.000000000000000000e+00 0.000000000000000000e+00
0.000000000000000000e+00 0.000000000000000000e+00
0.000000000000000000e+00 0.000000000000000000e+00
0.000000000000000000e+00 0.000000000000000000e+00
0.000000000000000000e+00 0.000000000000000000e+00
0.000000000000000000e+00 0.000000000000000000e+00
0.000000000000000000e+00 0.000000000000000000e+00
0.000000000000000000e+00 0.000000000000000000e+00
0.000000000000000000e+00 0.000000000000000000e+00
0.000000000000000000e+00 0.000000000000000000e+00
0.000000000000000000e+00 0.000000000000000000e+00
0.000000000000000000e+00 0.000000000000000000e+00
0.000000000000000000e+00 0.000000000000000000e+00
0.000000000000000000e+00 0.000000000000000000e+00
0.000000000000000000e+00 0.000000000000000000e+00
0.000000000000000000e+00 0.000000000000000000e+00
0.000000000000000000e+00 0.000000000000000000e+00
0.000000000000000000e+00 0.000000000000000000e+00
0.000000000000000000e+00 0.000000000000000000e+00
0.000000000000000000e+00 0.000000000000000000e+00
0.000000000000000000e+00 0.000000000000000000e+00
0.000000000000000000e+00 0.000000000000000000e+00
0.000000000000000000e+00 0.000000000000000000e+00
0.000000000000000000e+00 0.000000000000000000e+00
0.000000000000000000e+00 0.000000000000000000e+00
0.000000000000000000e+00 0.000000000000000000e+00
0.000000000000000000e+00 0.000000000000000000e+00
0.000000000000000000e+00 0.000000000000000000e+00
0.000000000000000000e+00 0.000000000000000000e+00
0.000000000000000000e+00 0.000000000000000000e+00
0.000000000000000000e+00 0.000000000000000000e+00
0.000000000000000000e+00 0.000000000000000000e+00
0.000000000000000000e+00 0.000000000000000000e+00
0.000000000000000000e+00 0.000000000000000000e+00
0.000000000000000000e+00 0.000000000000000000e+00
0.000000000000000000e+00 0.000000000000000000e+00
0.000000000000000000e+00 0.000000000000000000e+00
0.000000000000000000e+00 0.000000000000000000e+00
0.000000000000000000e+00 0.000000000000000000e+00
0.000000000000000000e+00 0.000000000000000000e+00
0.000000000000000000e+00 0.000000000000000000e+00
0.000000000000000000e+00 0.000000000000000000e+00
0.000000000000000000e+00 0.000000000000000000e+00
0.000000000000000000e+00 0.000000000000000000e+00
0.000000000000000000e+00 0.000000000000000000e+00
0.000000000000000000e+00 0.000000000000000000e+00
0.000000000000000000e+00 0.000000000000000000e+00
0.000000000000000000e+00 0.000000000000000000e+00
0.000000000000000000e+00 0.000000000000000000e+00
0.000000000000000000e+00 0.000000000000000000e+00
0.000000000000000000e+00 0.000000000000000000e+00
