-2.331855782933563751e+04 -2.113313889738512444e+04
-2.727953503573443959e+04 -2.046514043571670481e+04
-2.487670854348212742e+04 -2.413324739838384994e+04
-2.584968976206451043e+04 -2.528934201368954018e+04
-2.653915641593110195e+04 -2.900502858722118981e+04
-2.697810891557647483e+04 -2.566036705156301105e+04
-2.762119789078023314e+04 -2.862886633834530949e+04
-2.962185113244961394e+04 -2.866768566452219602e+04
-2.950849642706357554e+04 -2.832309334942553687e+04
-3.064336144172205604e+04 -2.958639149612521578e+04
-3.105370781092056495e+04 -3.030337110132624366e+04
-3.236566010415355413e+04 -2.938390009544414715e+04
-3.400295992657278839e+04 -3.239957112338285151e+04
-3.389783734466523310e+04 -3.247774497906876422e+04
-2.746391371995313239e+04 -3.204910930644286418e+04
-3.372019227800388762e+04 -3.268074417208106388e+04
-3.310276607088148739e+04 -3.142982353548053288e+04
-3.740500179702445166e+04 -3.145465336542591103e+04
-3.505771424477925029e+04 -3.241945752452530724e+04
-3.685792898484987381e+04 -3.777011836259132542e+04
-3.520267805764642981e+04 -3.326870304549006687e+04
-3.724783473568013142e+04 -3.656035291036720446e+04
-3.871783966499738017e+04 -3.702074778566687746e+04
-3.540835474510774657e+04 -3.804728620946269075e+04
-3.712701001214157441e+04 -3.771250434396915807e+04
-3.825042782207338314e+04 -3.827840924060661200e+04
-3.786941281206004351e+04 -3.410807776458056469e+04
-3.598725514937588741e+04 -3.876287841051141004e+04
-2.556816716399411234e+04 -3.574731824084091932e+04
-3.141964116192181609e+04 -2.799412131236104324e+04
-2.922136631607820891e+04 -3.025900107675238542e+04
-2.834341891139346990e+04 -3.385796705023329559e+04
-3.270040516230567664e+04 -3.394615881862830429e+04
-3.030601048328814431e+04 -3.360306880998350971e+04
-3.515031984502288833e+04 -3.040818446987193238e+04
-3.887216733030805335e+04 -3.211628744731927509e+04
-4.072773132743660244e+04 -3.373514985892512050e+04
-3.266711556454488164e+04 -3.114153429124406102e+04
-3.306613326381546358e+04 -3.115646283438284081e+04
-3.471526701090883580e+04 -3.138504470267138095e+04
-3.665068080729128269e+04 -3.067909583248627314e+04
-3.585581855437612830e+04 -2.918467667319379325e+04
-2.833809807944008571e+04 -1.932641424799558081e+04
-3.100619382637747185e+04 -2.365987234406644711e+04
-2.884839940539146482e+04 -2.669863682259924826e+04
-2.989177002319773237e+04 -2.857564367681634030e+04
-3.207554407666812040e+04 -2.407210671937248480e+04
-3.315178769014946738e+04 -2.872886491139081409e+04
-3.241792141919001369e+04 -2.947928722919612483e+04
-3.745568843760995514e+04 -3.075016146313704303e+04
-3.665935568235804385e+04 -2.887158133400058796e+04
-3.259105151831517651e+04 -3.008609538404548948e+04
-3.220492833780124784e+04 -3.141651424409395258e+04
-3.481694034126066254e+04 -3.018165051757558467e+04
-3.231192647074488923e+04 -2.777477879674150972e+04
-2.635704141074264771e+04 -2.551331121651636931e+04
-3.097886777581099886e+04 -2.361662410242627811e+04
-3.132146732273927046e+04 -2.593098100940357835e+04
-3.140652483454512185e+04 -2.908296921533212299e+04
-3.128654203418026373e+04 -2.769380612166711944e+04
-3.264536197436506336e+04 -3.014993901913353693e+04
-3.417667817838264455e+04 -2.960760141400587236e+04
-3.627666956507560826e+04 -3.132166499700022541e+04
-3.309575119163042109e+04 -3.249361730101065041e+04
-3.557156215000191150e+04 -3.002494611197864651e+04
-3.125511918405927281e+04 -2.771260564662237448e+04
-2.917475322542337744e+04 -2.968974586403204739e+04
-2.962776323442726789e+04 -2.895256554799380319e+04
-3.126087539101151197e+04 -2.885022133128157657e+04
-2.691985438730580063e+04 -2.631222239268216799e+04
-3.295153725028621557e+04 -2.590120387470179048e+04
-3.138011562834221331e+04 -2.753765377156620161e+04
-3.253255916796789825e+04 -2.987113404743385399e+04
-3.215275118372337602e+04 -2.846027075644999422e+04
-3.086828540845889438e+04 -2.911496551183104020e+04
-3.361375823511609633e+04 -3.023102310848692650e+04
-3.223844586717902712e+04 -3.130819437838819067e+04
-3.218314882065462734e+04 -2.939059153117701135e+04
-3.486049535596243368e+04 -3.091571786044539112e+04
-3.049344800463526917e+04 -3.001733387600962669e+04
-2.756184322741625510e+04 -2.688845282499570021e+04
-2.742202569082703121e+04 -2.711847126475807454e+04
-2.832817926892455580e+04 -2.741774566762438917e+04
-2.762391928710191496e+04 -2.387275915009182063e+04
-3.154392422193091261e+04 -2.782983121909737019e+04
-3.373493948875977367e+04 -3.478031760558541282e+04
-3.261650643386004595e+04 -3.362928165076528239e+04
-3.302164719925789541e+04 -3.402639133526115620e+04
-3.382702519403025508e+04 -3.395892970728174987e+04
-3.316036851485396619e+04 -3.295533785877783521e+04
-3.463446398915038299e+04 -3.236485215797554338e+04
-3.398237387494737777e+04 -3.282014392502165720e+04
-3.160134337051875264e+04 -3.290322999341293325e+04
-3.186550753092857485e+04 -3.103814122921348098e+04
-3.060155025555750399e+04 -3.035375523080709172e+04
-2.799557380431053389e+04 -3.027268770952298291e+04
-2.900805681958229980e+04 -2.875696973270912349e+04
-2.370211454252950716e+04 -2.311255547612243026e+04
-3.347574176230929152e+04 -3.203640956596321485e+04
-3.166676611666388271e+04 -3.641774121289035975e+04
-3.146132640849661402e+04 -3.601848228758079495e+04
-3.234407957317311593e+04 -3.664708105860043725e+04
-3.322494256688165478e+04 -3.502525372280213196e+04
-3.500045559354706347e+04 -3.443753446535465628e+04
-3.625115779887233657e+04 -3.600986933261885133e+04
-3.447676927453496319e+04 -3.473930323745246278e+04
-3.349474162824921950e+04 -3.441662125604051107e+04
-3.253908147274098155e+04 -3.355639511805984512e+04
-3.265621058500100480e+04 -3.284879434326168848e+04
-3.095276471145788673e+04 -3.164450394314267396e+04
-3.108520498729097380e+04 -2.985917660585686463e+04
-2.424590517148609069e+04 -2.530194207865111093e+04
-3.509428629413785529e+04 -3.205672757171609919e+04
-3.391881529461321770e+04 -3.324963281426735193e+04
-3.612059726907128061e+04 -3.344066062634503032e+04
-3.254500686753458649e+04 -3.237197004004210976e+04
-3.318745139115359052e+04 -3.305547629393087846e+04
-3.292840631468859647e+04 -3.099178925643521870e+04
-3.084181653743031347e+04 -3.123821821030077626e+04
-3.015725307799562870e+04 -3.025259110158178737e+04
-3.260479320719041789e+04 -2.685184606765355056e+04
-2.764915942719734085e+04 -2.347012215153826764e+04
-2.222454451110456284e+04 -2.265190434496543457e+04
-2.175987231059329133e+04 -2.183433876411207893e+04
-1.986433864650841497e+04 -1.704234222969321854e+04
-2.472453512046582546e+04 -1.850169027591989652e+04
-3.618263930219301983e+04 -3.611843213777754863e+04
-3.547506609533890878e+04 -3.511977915494446643e+04
-3.595671123520533001e+04 -3.515708113889773085e+04
-3.453856713746646710e+04 -3.450881970569026453e+04
-3.448525529238765739e+04 -3.217631709268540726e+04
-3.078167129383072097e+04 -3.118799308617881252e+04
-3.367848200560946134e+04 -3.345759832212675974e+04
-3.524424535522727820e+04 -3.090808713452405937e+04
-3.346724849793376779e+04 -2.728026800542411365e+04
-2.854627118121872991e+04 -2.472543231922189079e+04
-1.820846881257540736e+04 -1.581473530309824309e+04
-2.517816159052654257e+04 -2.190177916351585372e+04
-2.837710556362113857e+04 -2.115031971911841174e+04
-1.883022722976998921e+04 -1.066015386592042887e+04
-3.693970502839886467e+04 -3.766109279872694606e+04
-3.610591240674340952e+04 -3.528271206133323722e+04
-3.622724705562800227e+04 -3.431539234232083982e+04
-3.425880305080275139e+04 -3.451263148339324835e+04
-3.185931866802365403e+04 -3.166871658709046460e+04
-3.343504412853247777e+04 -3.045183032288119284e+04
-3.150728435471126068e+04 -3.156308086321943847e+04
-2.807171426222766968e+04 -2.282070529290151899e+04
-2.403756843487222432e+04 -2.198146771860639637e+04
-2.299193709912435224e+04 -2.085782488509066388e+04
-1.608111035023891054e+04 -2.043678365278487036e+04
-2.053091630160716159e+04 -2.035877580973887962e+04
-9.657326803657822893e+03 -6.907221288578022723e+03
-1.010318503962819887e+04 -1.286411289821069295e+04
-1.156475518498971906e+04 -1.102561938833450222e+04
-9.368325421466382977e+03 -7.896447266554563612e+03
-2.099569439123265965e+03 -4.326451302936596221e+03
-4.198822980837243449e+03 -2.973569397051996020e+03
-6.373731121048294881e+03 -3.763224006962509065e+03
-4.145911363746698044e+03 -2.321875147535529322e+03
0.000000000000000000e+00 -1.569254636290767394e+03
0.000000000000000000e+00 0.000000000000000000e+00
-8.949338230872994245e+03 -2.127101710500660374e+03
0.000000000000000000e+00 0.000000000000000000e+00
0.000000000000000000e+00 0.000000000000000000e+00
0.000000000000000000e+00 0.000000000000000000e+00
0.000000000000000000e+00 0.000000000000000000e+00
0.000000000000000000e+00 0.000000000000000000e+00
0.000000000000000000e+00 0.000000000000000000e+00
0.000000000000000000e+00 0.000000000000000000e+00
0.000000000000000000e+00 0.000000000000000000e+00
0.000000000000000000e+00 0.000000000000000000e+00
0.000000000000000000e+00 0.000000000000000000e+00
0.000000000000000000e+00 0.000000000000000000e+00
0.000000000000000000e+00 0.000000000000000000e+00
0.000000000000000000e+00 0.000000000000000000e+00
0.000000000000000000e+00 0.000000000000000000e+00
0.000000000000000000e+00 0.000000000000000000e+00
0.000000000000000000e+00 0.000000000000000000e+00
0.000000000000000000e+00 0.000000000000000000e+00
0.000000000000000000e+00 0.000000000000000000e+00
0.000000000000000000e+00 0.000000000000000000e+00
0.000000000000000000e+00 0.000000000000000000e+00
0.000000000000000000e+00 0.000000000000000000e+00
0.000000000000000000e+00 0.000000000000000000e+00
0.000000000000000000e+00 0.000000000000000000e+00
0.000000000000000000e+00 0.000000000000000000e+00
0.000000000000000000e+00 0.000000000000000000e+00
0.000000000000000000e+00 0.000000000000000000e+00
0.000000000000000000e+00 0.000000000000000000e+00
0.000000000000000000e+00 0.000000000000000000e+00
0.000000000000000000e+00 0.000000000000000000e+00
0.000000000000000000e+00 0.000000000000000000e+00
0.000000000000000000e+00 0.000000000000000000e+00
0.000000000000000000e+00 0.000000000000000000e+00
0.000000000000000000e+00 0.000000000000000000e+00
0.000000000000000000e+00 0.000000000000000000e+00
0.000000000000000000e+00 0.000000000000000000e+00
0.000000000000000000e+00 0.000000000000000000e+00
0.000000000000000000e+00 0.000000000000000000e+00
0.000000000000000000e+00 0.000000000000000000e+00
0.000000000000000000e+00 0.000000000000000000e+00
0.000000000000000000e+00 0.000000000000000000e+00
0.000000000000000000e+00 0.000000000000000000e+00
0.000000000000000000e+00 0.000000000000000000e+00
0.000000000000000000e+00 0.000000000000000000e+00
0.000000000000000000e+00 0.000000000000000000e+00
0.000000000000000000e+00 0.000000000000000000e+00
0.000000000000000000e+00 0.000000000000000000e+00
0.000000000000000000e+00 0.000000000000000000e+00
0.000000000000000000e+00 0.000000000000000000e+00
0.000000000000000000e+00 0.000000000000000000e+00
0.000000000000000000e+00 0.000000000000000000e+00
0.000000000000000000e+00 0.000000000000000000e+00
0.000000000000000000e+00 0.000000000000000000e+00
0.000000000000000000e+00 0.000000000000000000e+00
0.000000000000000000e+00 0.000000000000000000e+00
0.000000000000000000e+00 0.000000000000000000e+00
0.000000000000000000e+00 0.000000000000000000e+00
0.000000000000000000e+00 0.000000000000000000e+00
0.000000000000000000e+00 0.000000000000000000e+00
0.000000000000000000e+00 0.000000000000000000e+00
0.000000000000000000e+00 0.000000000000000000e+00
0.000000000000000000e+00 0.000000000000000000e+00
0.000000000000000000e+00 0.000000000000000000e+00
0.000000000000000000e+00 0.000000000000000000e+00
0.000000000000000000e+00 0.000000000000000000e+00
0.000000000000000000e+00 0.000000000000000000e+00
0.000000000000000000e+00 0.000000000000000000e+00
0.000000000000000000e+00 0.000000000000000000e+00
0.000000000000000000e+00 0.000000000000000000e+00
0.000000000000000000e+00 0.000000000000000000e+00
0.000000000000000000e+00 0.000000000000000000e+00
0.000000000000000000e+00 0.000000000000000000e+00
0.000000000000000000e+00 0.000000000000000000e+00
0.000000000000000000e+00 0.000000000000000000e+00
0.000000000000000000e+00 0.000000000000000000e+00
0.000000000000000000e+00 0.000000000000000000e+00
0.000000000000000000e+00 0.000000000000000000e+00
0.000000000000000000e+00 0.000000000000000000e+00
0.000000000000000000e+00 0.000000000000000000e+00
0.000000000000000000e+00 0.000000000000000000e+00
0.000000000000000000e+00 0.000000000000000000e+00
0.000000000000000000e+00 0.000000000000000000e+00
0.000000000000000000e+00 0.000000000000000000e+00
0.000000000000000000e+00 0.000000000000000000e+00
0.000000000000000000e+00 0.000000000000000000e+00
0.000000000000000000e+00 0.000000000000000000e+00
0.000000000000000000e+00 0.000000000000000000e+00
0.000000000000000000e+00 0.000000000000000000e+00
0.000000000000000000e+00 0.000000000000000000e+00
0.000000000000000000e+00 0.000000000000000000e+00
0.000000000000000000e+00 0.000000000000000000e+00
0.000000000000000000e+00 0.000000000000000000e+00
0.000000000000000000e+00 0.000000000000000000e+00
0.000000000000000000e+00 0.000000000000000000e+00
0.000000000000000000e+00 0.000000000000000000e+00
0.000000000000000000e+00 0.000000000000000000e+00
0.000000000000000000e+00 0.000000000000000000e+00
0.000000000000000000e+00 0.000000000000000000e+00
0.000000000000000000e+00 0.000000000000000000e+00
0.000000000000000000e+00 0.000000000000000000e+00
0.000000000000000000e+00 0.000000000000000000e+00
0.000000000000000000e+00 0.000000000000000000e+00
0.000000000000000000e+00 0.000000000000000000e+00
0.000000000000000000e+00 0.000000000000000000e+00
0.000000000000000000e+00 0.000000000000000000e+00
0.000000000000000000e+00 0.000000000000000000e+00
0.000000000000000000e+00 0.000000000000000000e+00
0.000000000000000000e+00 0.000000000000000000e+00
0.000000000000000000e+00 0.000000000000000000e+00
0.000000000000000000e+00 0.000000000000000000e+00
0.000000000000000000e+00 0.000000000000000000e+00
0.000000000000000000e+00 0.000000000000000000e+00
0.000000000000000000e+00 0.000000000000000000e+00
0.000000000000000000e+00 0.000000000000000000e+00
0.000000000000000000e+00 0.000000000000000000e+00
0.000000000000000000e+00 0.000000000000000000e+00
0.000000000000000000e+00 0.000000000000000000e+00
0.000000000000000000e+00 0.000000000000000000e+00
0.000000000000000000e+00 0.000000000000000000e+00
0.000000000000000000e+00 0.000000000000000000e+00
0.000000000000000000e+00 0.000000000000000000e+00
0.000000000000000000e+00 0.000000000000000000e+00
0.000000000000000000e+00 0.000000000000000000e+00
0.000000000000000000e+00 0.000000000000000000e+00
0.000000000000000000e+00 0.000000000000000000e+00
0.000000000000000000e+00 0.000000000000000000e+00
0.000000000000000000e+00 0.000000000000000000e+00
0.000000000000000000e+00 0.000000000000000000e+00
0.000000000000000000e+00 0.000000000000000000e+00
0.000000000000000000e+00 0.000000000000000000e+00
0.000000000000000000e+00 0.000000000000000000e+00
0.000000000000000000e+00 0.000000000000000000e+00
0.000000000000000000e+00 0.000000000000000000e+00
0.000000000000000000e+00 0.000000000000000000e+00
0.000000000000000000e+00 0.000000000000000000e+00
0.000000000000000000e+00 0.000000000000000000e+00
0.000000000000000000e+00 0.000000000000000000e+00
0.000000000000000000e+00 0.000000000000000000e+00
0.000000000000000000e+00 0.000000000000000000e+00
0.000000000000000000e+00 0.000000000000000000e+00
0.000000000000000000e+00 0.000000000000000000e+00
0.000000000000000000e+00 0.000000000000000000e+00
0.000000000000000000e+00 0.000000000000000000e+00
0.000000000000000000e+00 0.000000000000000000e+00
0.000000000000000000e+00 0.000000000000000000e+00
0.000000000000000000e+00 0.000000000000000000e+00
0.000000000000000000e+00 0.000000000000000000e+00
0.000000000000000000e+00 0.000000000000000000e+00
0.000000000000000000e+00 0.000000000000000000e+00
0.000000000000000000e+00 0.000000000000000000e+00
0.000000000000000000e+00 0.000000000000000000e+00
0.000000000000000000e+00 0.000000000000000000e+00
0.000000000000000000e+00 0.000000000000000000e+00
0.000000000000000000e+00 0.000000000000000000e+00
0.000000000000000000e+00 0.000000000000000000e+00
0.000000000000000000e+00 0.000000000000000000e+00
0.000000000000000000e+00 0.000000000000000000e+00
0.000000000000000000e+00 0.000000000000000000e+00
0.000000000000000000e+00 0.000000000000000000e+00
0.000000000000000000e+00 0.000000000000000000e+00
0.000000000000000000e+00 0.000000000000000000e+00
0.000000000000000000e+00 0.000000000000000000e+00
0.000000000000000000e+00 0.000000000000000000e+00
0.000000000000000000e+00 0.000000000000000000e+00
0.000000000000000000e+00 0.000000000000000000e+00
0.000000000000000000e+00 0.000000000000000000e+00
0.000000000000000000e+00 0.000000000000000000e+00
0.000000000000000000e+00 0.000000000000000000e+00
0.000000000000000000e+00 0.000000000000000000e+00
0.000000000000000000e+00 0.000000000000000000e+00
0.000000000000000000e+00 0.000000000000000000e+00
0.000000000000000000e+00 0.000000000000000000e+00
0.000000000000000000e+00 0.000000000000000000e+00
0.000000000000000000e+00 0.000000000000000000e+00
0.000000000000000000e+00 0.000000000000000000e+00
0.000000000000000000e+00 0.000000000000000000e+00
0.000000000000000000e+00 0.000000000000000000e+00
0.000000000000000000e+00 0.000000000000000000e+00
0.000000000000000000e+00 0.000000000000000000e+00
0.000000000000000000e+00 0.000000000000000000e+00
0.000000000000000000e+00 0.000000000000000000e+00
0.000000000000000000e+00 0.000000000000000000e+00
0.000000000000000000e+00 0.000000000000000000e+00
0.000000000000000000e+00 0.000000000000000000e+00
0.000000000000000000e+00 0.000000000000000000e+00
0.000000000000000000e+00 0.000000000000000000e+00
0.000000000000000000e+00 0.000000000000000000e+00
0.000000000000000000e+00 0.000000000000000000e+00
0.000000000000000000e+00 0.000000000000000000e+00
0.000000000000000000e+00 0.000000000000000000e+00
0.000000000000000000e+00 0.000000000000000000e+00
0.000000000000000000e+00 0.000000000000000000e+00
0.000000000000000000e+00 0.000000000000000000e+00
0.000000000000000000e+00 0.000000000000000000e+00
0.000000000000000000e+00 0.000000000000000000e+00
0.000000000000000000e+00 0.000000000000000000e+00
0.000000000000000000e+00 0.000000000000000000e+00
0.000000000000000000e+00 0.000000000000000000e+00
0.000000000000000000e+00 0.000000000000000000e+00
0.000000000000000000e+00 0.000000000000000000e+00
0.000000000000000000e+00 0.000000000000000000e+00
0.000000000000000000e+00 0.000000000000000000e+00
0.000000000000000000e+00 0.000000000000000000e+00
0.000000000000000000e+00 0.000000000000000000e+00
0.000000000000000000e+00 0.000000000000000000e+00
0.000000000000000000e+00 0.000000000000000000e+00
0.000000000000000000e+00 0.000000000000000000e+00
0.000000000000000000e+00 0.000000000000000000e+00
0.000000000000000000e+00 0.000000000000000000e+00
0.000000000000000000e+00 0.000000000000000000e+00
0.000000000000000000e+00 0.000000000000000000e+00
0.000000000000000000e+00 0.000000000000000000e+00
0.000000000000000000e+00 0.000000000000000000e+00
0.000000000000000000e+00 0.000000000000000000e+00
0.000000000000000000e+00 0.000000000000000000e+00
0.000000000000000000e+00 0.000000000000000000e+00
0.000000000000000000e+00 0.000000000000000000e+00
0.000000000000000000e+00 0.000000000000000000e+00
0.000000000000000000e+00 0.000000000000000000e+00
0.000000000000000000e+00 0.000000000000000000e+00
0.000000000000000000e+00 0.000000000000000000e+00
0.000000000000000000e+00 0.000000000000000000e+00
0.000000000000000000e+00 0.000000000000000000e+00
0.000000000000000000e+00 0.000000000000000000e+00
0.000000000000000000e+00 0.000000000000000000e+00
0.000000000000000000e+00 0.000000000000000000e+00
0.000000000000000000e+00 0.000000000000000000e+00
0.000000000000000000e+00 0.000000000000000000e+00
0.000000000000000000e+00 0.000000000000000000e+00
0.000000000000000000e+00 0.000000000000000000e+00
