-1.951861234700338537e+04 -1.020701336393662132e+04
-1.889267653161036287e+04 -1.134862278138729562e+04
-1.933978878316765622e+04 -1.295352729506787000e+04
-2.124885965573231078e+04 -1.352887335647272084e+04
-2.108827204249039642e+04 -1.460975930610640717e+04
-2.184501350657863804e+04 -1.388884327297788877e+04
-2.298485561673979100e+04 -1.580109855781797705e+04
-2.405144637205042818e+04 -1.640789161287018578e+04
-2.556763923773952047e+04 -1.754061436428109664e+04
-2.613292385282988471e+04 -1.598641136152761646e+04
-2.712331888012104173e+04 -1.715341120079142274e+04
-2.853292908397916472e+04 -1.727506341450155742e+04
-2.972305052062740651e+04 -1.647277664603266385e+04
-2.943010606371350877e+04 -1.754243190085814058e+04
-3.085599209584263008e+04 -1.871712194988067495e+04
-3.230933372321234856e+04 -1.849658569581240954e+04
-3.210958013718419170e+04 -1.927350763301854386e+04
-3.210767661982076243e+04 -1.925701505245856606e+04
-3.211203581397120797e+04 -1.935280936858353380e+04
-3.181938317626975550e+04 -2.314857245890168997e+04
-3.156437790770388892e+04 -2.246082289439950546e+04
-3.320835572891848278e+04 -2.344072907927567576e+04
-3.200433482704828930e+04 -2.201008130950489431e+04
-2.466600544006439304e+04 -2.728748375715775910e+04
-2.568381813915643579e+04 -2.412061883042990303e+04
-2.564098165164599413e+04 -2.434831728656589257e+04
-2.770344446035180226e+04 -2.819809558670456681e+04
-2.232746152897397405e+04 -2.851056230484151456e+04
-1.931567665454559028e+04 -1.315344809118339435e+04
-2.237692811957414597e+04 -1.317387684831026127e+04
-2.132638316773567203e+04 -1.589362315231293360e+04
-2.154781642195018867e+04 -1.576929043749461380e+04
-2.408169362250308041e+04 -1.482126244731313636e+04
-2.355942886368047766e+04 -1.626899962064254942e+04
-2.446964512249878317e+04 -1.510761914585602062e+04
-2.460588257554922529e+04 -1.665050436223324505e+04
-2.419096273778859904e+04 -1.670428152810875690e+04
-2.672351935019686425e+04 -1.524539967701373462e+04
-1.833365689317235956e+04 -1.419516084534650508e+04
-2.593272749582803590e+04 -1.712745637460774742e+04
-3.123791714004360256e+04 -1.692446619588731483e+04
-2.622478500588815950e+04 -1.588558849843081225e+04
-2.611015460685752623e+04 -1.285470441517149266e+04
-2.346654467194647077e+04 -1.482581082488611173e+04
-2.198303475594418342e+04 -1.202064372794216979e+04
-2.513363742737925713e+04 -1.432303071199313854e+04
-2.423749001519663580e+04 -1.246027470209665262e+04
-2.618882813934361548e+04 -1.503731024083242301e+04
-2.298332986101919232e+04 -1.270248490057823074e+04
-2.488070395325621939e+04 -1.680784944411787365e+04
-3.134232431445082693e+04 -1.615800716559991633e+04
0.000000000000000000e+00 -4.024046068225115960e+03
-3.158115276272232222e+03 0.000000000000000000e+00
0.000000000000000000e+00 0.000000000000000000e+00
0.000000000000000000e+00 0.000000000000000000e+00
-2.358777344528237791e+03 0.000000000000000000e+00
-2.085482407198941291e+04 -1.183623751748743962e+04
-2.146510454982738520e+04 -1.555055489401307932e+04
-2.155688869657601754e+04 -1.712336178380527053e+04
-2.274301136380051685e+04 -1.760669815570322316e+04
-2.265902012257080059e+04 -1.828725363259973528e+04
-2.284393929057935748e+04 -1.690858643132643920e+04
-2.669806209914150895e+04 -1.760320153025317995e+04
-2.293256098785893846e+04 -1.663254970639059320e+04
-2.103607342412745857e+04 -1.768493813363173103e+04
-2.394350175065427175e+04 -1.640588011161128816e+04
-2.295986582493484457e+04 -1.501881961753396899e+04
-2.266807116045691873e+04 -1.736978399280573649e+04
-2.449096418105963676e+04 -1.622408560337429299e+04
-2.245549272754124831e+04 -1.107511800691838107e+04
-2.369923506808589445e+04 -1.346642365151049489e+04
-2.238279375843832531e+04 -1.332807522174752739e+04
-2.434103018166726542e+04 -1.341522713151682183e+04
-1.969751682386507309e+04 -1.180766807563601105e+04
-1.664580798269622392e+04 -9.174666245182994317e+03
-1.238275245490025009e+04 -1.081122389123247012e+04
-1.728133683367210324e+04 -9.184424139169535920e+03
-1.974176281968357944e+04 -1.383092016571658678e+04
-1.808025297674389731e+04 -1.310023041633003959e+04
-6.805606369089709915e+03 -4.334737878957999783e+03
-6.970627595684982225e+03 -3.166723469999999907e+03
-3.169688348648139709e+03 -1.577000000000000000e+03
0.000000000000000000e+00 -2.052700000000000273e+03
-2.083082324268061711e+03 0.000000000000000000e+00
-2.060201512366745010e+04 -1.465986604470624297e+04
-2.241266303336018245e+04 -1.727472713420930086e+04
-1.956669753823774590e+04 -1.828540929210888135e+04
-2.075064544889347599e+04 -1.998215046283203992e+04
-1.893331214025202644e+04 -1.658595932192507462e+04
-2.064676167917894054e+04 -1.945681930229805585e+04
-2.348265060427643766e+04 -1.661145794056477098e+04
-2.060706185029715925e+04 -1.607096229943363142e+04
-1.536037153307885274e+04 -1.546356129980039077e+04
-1.851917760795065624e+04 -1.478427582238970354e+04
-1.546179641578657720e+04 -1.454015202068782855e+04
-2.163556610567062307e+04 -1.273444924652049849e+04
-2.047174287660094342e+04 -1.438274156659907749e+04
-2.338293991809394356e+04 -1.273434495564461940e+04
-1.139656410422421868e+04 -1.036687633165125408e+04
-1.339053542147511507e+04 -7.405117442633494647e+03
-1.177317067933656290e+04 -1.036096453021006346e+04
-1.098709442378505446e+04 -9.042815029354555008e+03
-7.895100541382782467e+03 -7.267065211935429033e+03
-1.200341190544545134e+04 -5.822117301300224426e+03
-1.215212963015382229e+04 -3.915267480726864960e+03
-1.573378997532538597e+04 -8.558885929356089036e+03
-1.768381897852564362e+04 -1.113967759610785652e+04
-6.130101442709448747e+03 -3.378875148605945469e+03
0.000000000000000000e+00 0.000000000000000000e+00
0.000000000000000000e+00 0.000000000000000000e+00
0.000000000000000000e+00 0.000000000000000000e+00
0.000000000000000000e+00 0.000000000000000000e+00
-2.165805961112510340e+04 -1.818821853586180441e+04
-1.964256829483919137e+04 -1.886352237285650699e+04
-2.087957040249444981e+04 -2.012246223022059348e+04
-1.945840186353781610e+04 -1.911674362494797606e+04
-1.914642306782322703e+04 -1.841909150934551508e+04
-2.105421912220576269e+04 -1.797541361033034991e+04
-1.793856453617863372e+04 -1.644713451683144740e+04
-2.049616163919652899e+04 -1.486983449538576315e+04
-1.796866530837270329e+04 -1.719506045941674893e+04
-1.561843993271904037e+04 -1.449052318885093337e+04
-1.855881798659508786e+04 -1.365381104348100962e+04
-1.742484581679251278e+04 -1.531850040138910481e+04
-1.691949612919957872e+04 -1.576707099758575896e+04
-1.684863474465739637e+04 -9.102667447310657735e+03
-1.106965825647716338e+04 -1.128076548915037711e+04
-1.194823269496386638e+04 -8.834018643320368938e+03
-7.613407230263492238e+03 -7.475601557402252183e+03
-1.653054268884003250e+04 -6.903639449655272983e+03
-5.061644470593057122e+03 -4.514932712532028745e+03
-1.061505768807598724e+04 -6.860891896282047128e+03
-5.107343615930462875e+03 -2.226073999911875489e+03
-7.963580094542796360e+03 -7.629114572910958486e+03
-1.535659939699022652e+04 -9.556905291122353447e+03
-3.861903521276430183e+03 -1.948762131517623857e+03
0.000000000000000000e+00 0.000000000000000000e+00
0.000000000000000000e+00 0.000000000000000000e+00
0.000000000000000000e+00 0.000000000000000000e+00
0.000000000000000000e+00 0.000000000000000000e+00
-2.234669191416893227e+04 -2.018702307346151792e+04
-2.093047984079748858e+04 -2.130778088033528911e+04
-2.052119696530382862e+04 -2.055035240272658848e+04
-2.029771201768999526e+04 -1.983927488697465742e+04
-1.776073074751344393e+04 -1.811977489340661850e+04
-1.667819270080552087e+04 -1.621157995775484596e+04
-1.806758582663632114e+04 -1.744860387164226995e+04
-1.540269131580876456e+04 -1.434533723477491912e+04
-1.665500652171152251e+04 -1.725072407746150202e+04
-1.875550691057033328e+04 -1.456964340111099409e+04
-1.769015303134052738e+04 -1.151813717061880197e+04
-1.692061740114730492e+04 -1.487697423809716929e+04
-1.751421911079195343e+04 -1.207846120438637081e+04
-9.479361945861424829e+03 -1.039449523682730978e+04
-1.059420612022625573e+04 -9.711095376853589187e+03
-9.585495387013665095e+03 -7.321074330331886813e+03
-9.137240645227584537e+03 -6.637042541410838567e+03
-4.450281414178740306e+03 -3.163023476422476961e+03
-3.534730118884165677e+03 -6.555166997624794021e+03
-8.799813237794593078e+03 -2.941412043100039227e+03
-6.784803820622336389e+03 -5.432114098606522020e+03
-8.409017452127352954e+03 -5.493387291995166379e+03
-7.036360037523624669e+03 -2.869356662380881971e+03
0.000000000000000000e+00 0.000000000000000000e+00
-2.569453175492199989e+03 0.000000000000000000e+00
0.000000000000000000e+00 0.000000000000000000e+00
0.000000000000000000e+00 0.000000000000000000e+00
0.000000000000000000e+00 0.000000000000000000e+00
-2.210854814966072081e+04 -2.090808746075096133e+04
-2.007128988952813961e+04 -1.979291320181748597e+04
-2.033865605322164629e+04 -2.052676323667272663e+04
-2.041909992753562983e+04 -2.103503907697116301e+04
-1.827378378481497930e+04 -1.814710770831801347e+04
-1.892341496734886823e+04 -1.844302865213350378e+04
-1.793491574462873905e+04 -1.813794506904529408e+04
-1.775223963394088059e+04 -1.735760780160672584e+04
-1.783323189682696830e+04 -1.633303483717181734e+04
-1.727585166469816613e+04 -1.563037611941337127e+04
-1.518062600160994771e+04 -1.417230309317004503e+04
-1.413167059046041686e+04 -1.269554358422056612e+04
-1.625679118505253609e+04 -1.161721971648407816e+04
-1.347729752786373501e+04 -1.205588780240665619e+04
-1.568029570896726000e+04 -1.004648999837625524e+04
-1.067918739340316097e+04 -9.493102799636859345e+03
-1.108853914899450137e+04 -1.000144059761059543e+04
-7.723854201853395352e+03 -5.381081606866286165e+03
-5.526699495981531982e+03 -6.386970807070733827e+03
-7.179008875939020982e+03 -8.347426755055195827e+03
0.000000000000000000e+00 0.000000000000000000e+00
-5.576446529455751261e+03 -5.217365160740342617e+03
-5.485963400000000547e+03 -8.618824629667486079e+03
-8.798000000000000682e+02 0.000000000000000000e+00
0.000000000000000000e+00 0.000000000000000000e+00
0.000000000000000000e+00 0.000000000000000000e+00
0.000000000000000000e+00 0.000000000000000000e+00
0.000000000000000000e+00 0.000000000000000000e+00
-2.184682456652979818e+04 -2.202038233762340315e+04
-1.933182129853366496e+04 -1.888120788939971317e+04
-2.032796646438377138e+04 -2.098756681276600648e+04
-1.956513410672662940e+04 -1.981218367809590200e+04
-2.032133878326538616e+04 -2.042473772848410226e+04
-1.899168917254540065e+04 -1.946143762491762755e+04
-1.945643012699848623e+04 -2.012234813504021440e+04
-1.847765482095193875e+04 -1.830670037452746328e+04
-1.691692694203631618e+04 -1.701634436420950442e+04
-1.614693497049392499e+04 -1.563327165424987288e+04
-2.044895826415191186e+04 -1.718817415684822481e+04
-1.721625274410859856e+04 -1.590528391268604173e+04
-1.575857820456611989e+04 -1.319741547423954398e+04
-1.417375873392578796e+04 -9.689421618430491435e+03
-1.044397237918643259e+04 -1.078100661268931799e+04
-1.382045261182634567e+04 -1.248981535384518611e+04
-9.837079845299989756e+03 -8.660776908126968920e+03
-1.199407440727643552e+04 -9.788745828013996288e+03
-5.426443866800344949e+03 -6.420383088456199403e+03
-6.020975074014328129e+03 -5.673851537334041495e+03
-3.213427867886528475e+03 -4.514845704508203198e+03
-6.194807027353261219e+03 -4.304074424922089747e+03
-2.777779987657966558e+03 -2.335725267205385535e+03
0.000000000000000000e+00 -2.062700000000000273e+03
0.000000000000000000e+00 0.000000000000000000e+00
0.000000000000000000e+00 0.000000000000000000e+00
0.000000000000000000e+00 0.000000000000000000e+00
0.000000000000000000e+00 0.000000000000000000e+00
-2.223389688534114612e+04 -2.234700395871239016e+04
-1.734746461350942991e+04 -1.754277770024511483e+04
-1.771395758736701464e+04 -1.794164408864005964e+04
-1.774896189078859607e+04 -1.876911976307493023e+04
-1.615750064758268127e+04 -1.638082050998873819e+04
-1.567794963732683391e+04 -1.568382133412408439e+04
-1.486652949152314795e+04 -1.561763730060976923e+04
-1.429611402274004286e+04 -1.462135918388608115e+04
-1.034143180761995427e+04 -1.050756468969137313e+04
-8.674460455693842960e+03 -9.517306263160418894e+03
-1.030133781482621089e+04 -8.731757220456544019e+03
-8.805231528886804881e+03 -9.048332563664480404e+03
-9.268188387350679477e+03 -7.644421025639745494e+03
-8.121091457721113329e+03 -6.625090684675134980e+03
-7.252112412176637008e+03 -6.688371238451924000e+03
-2.896236414382463408e+03 -3.682423966968398418e+03
-5.718535688842051059e+03 -2.658286747033124811e+03
-5.066023556866632134e+03 -3.195007977701946402e+03
-5.188830428019760802e+03 -3.355535412340894254e+03
-1.608386878939227699e+03 -1.426676356081732592e+03
-2.064502400000000307e+03 0.000000000000000000e+00
-3.448170307134345421e+03 0.000000000000000000e+00
-5.615414647368158512e+03 -4.672601613811546486e+03
0.000000000000000000e+00 0.000000000000000000e+00
0.000000000000000000e+00 0.000000000000000000e+00
0.000000000000000000e+00 0.000000000000000000e+00
0.000000000000000000e+00 0.000000000000000000e+00
0.000000000000000000e+00 0.000000000000000000e+00
-2.200893301858088307e+04 -2.255395337166205718e+04
-1.876155636609330395e+04 -1.923772072123434555e+04
-1.667702280793550017e+04 -1.732785184034468693e+04
-1.522063293211621567e+04 -1.575370502027457042e+04
-1.549119127700742320e+04 -1.531155778049280707e+04
-1.706415637990546384e+04 -1.834885111778126520e+04
-1.243609883453496877e+04 -1.272162795572600589e+04
-1.205311596684600045e+04 -1.076696659453140819e+04
-1.152929043698491660e+04 -1.189396197698875585e+04
-8.778553239545770339e+03 -1.023249817698732295e+04
-9.060631064981425880e+03 -1.045076838429229610e+04
-1.037482182774649482e+04 -3.749702862732887297e+03
-9.947678113335410671e+03 -5.287401154886467339e+03
-6.514864985195334157e+03 -5.804632686820335039e+03
-3.201909859132279962e+03 -2.056080296906070998e+03
-5.991431596277077006e+03 -3.881168406778609096e+03
-1.729963524685274933e+03 -1.624472883764415428e+03
-2.295636706000000231e+03 -8.321295756960449808e+02
-3.375264685189638385e+03 -2.467604991362597048e+03
0.000000000000000000e+00 -6.823000000000000682e+02
-4.154971475128679231e+03 -1.446975788570101940e+03
0.000000000000000000e+00 -1.182377499564290019e+03
-2.054000000000000000e+03 0.000000000000000000e+00
0.000000000000000000e+00 0.000000000000000000e+00
0.000000000000000000e+00 0.000000000000000000e+00
0.000000000000000000e+00 0.000000000000000000e+00
0.000000000000000000e+00 0.000000000000000000e+00
0.000000000000000000e+00 0.000000000000000000e+00
-2.430567007371857108e+04 -2.399079305412146277e+04
-1.739887513715316891e+04 -1.757063375054611606e+04
-1.813365401295820993e+04 -1.876501474871097889e+04
-1.389742785838561031e+04 -1.705060759171575410e+04
-1.804444983631290597e+04 -1.792083598783348862e+04
-9.707152168421280294e+03 -8.347579734939981790e+03
-1.585314389355607636e+04 -1.457818592981967959e+04
-1.158412744636019488e+04 -1.067150604893592390e+04
-1.014476364502859360e+04 -8.508100987226454890e+03
-6.081201670845738590e+03 -5.469266282118083836e+03
-8.181678065650401550e+03 -6.487508761890020651e+03
-5.192770020934024615e+03 -4.620747235530616308e+03
-5.527581529115046578e+03 -5.111742399743467104e+03
-3.103491476995743142e+03 -1.647593387113597828e+03
-2.150263432361858577e+03 0.000000000000000000e+00
-4.166960595175356502e+03 -1.708879439333770279e+03
-2.553292437194077593e+03 -2.293198524968494894e+03
-2.500251575350491748e+03 0.000000000000000000e+00
0.000000000000000000e+00 0.000000000000000000e+00
-1.917400000000000091e+03 0.000000000000000000e+00
0.000000000000000000e+00 0.000000000000000000e+00
-2.073604749837232248e+03 -1.096956966353410053e+03
0.000000000000000000e+00 -1.023400000000000091e+03
0.000000000000000000e+00 0.000000000000000000e+00
0.000000000000000000e+00 0.000000000000000000e+00
0.000000000000000000e+00 0.000000000000000000e+00
0.000000000000000000e+00 0.000000000000000000e+00
0.000000000000000000e+00 0.000000000000000000e+00
0.000000000000000000e+00 0.000000000000000000e+00
0.000000000000000000e+00 0.000000000000000000e+00
0.000000000000000000e+00 0.000000000000000000e+00
0.000000000000000000e+00 0.000000000000000000e+00
0.000000000000000000e+00 0.000000000000000000e+00
0.000000000000000000e+00 0.000000000000000000e+00
0.000000000000000000e+00 0.000000000000000000e+00
0.000000000000000000e+00 0.000000000000000000e+00
0.000000000000000000e+00 0.000000000000000000e+00
0.000000000000000000e+00 0.000000000000000000e+00
0.000000000000000000e+00 0.000000000000000000e+00
0.000000000000000000e+00 0.000000000000000000e+00
0.000000000000000000e+00 0.000000000000000000e+00
0.000000000000000000e+00 0.000000000000000000e+00
0.000000000000000000e+00 0.000000000000000000e+00
0.000000000000000000e+00 0.000000000000000000e+00
0.000000000000000000e+00 0.000000000000000000e+00
0.000000000000000000e+00 0.000000000000000000e+00
0.000000000000000000e+00 0.000000000000000000e+00
0.000000000000000000e+00 0.000000000000000000e+00
0.000000000000000000e+00 0.000000000000000000e+00
0.000000000000000000e+00 0.000000000000000000e+00
0.000000000000000000e+00 0.000000000000000000e+00
0.000000000000000000e+00 0.000000000000000000e+00
0.000000000000000000e+00 0.000000000000000000e+00
0.000000000000000000e+00 0.000000000000000000e+00
0.000000000000000000e+00 0.000000000000000000e+00
0.000000000000000000e+00 0.000000000000000000e+00
0.000000000000000000e+00 0.000000000000000000e+00
0.000000000000000000e+00 0.000000000000000000e+00
0.000000000000000000e+00 0.000000000000000000e+00
0.000000000000000000e+00 0.000000000000000000e+00
0.000000000000000000e+00 0.000000000000000000e+00
0.000000000000000000e+00 0.000000000000000000e+00
0.000000000000000000e+00 0.000000000000000000e+00
0.000000000000000000e+00 0.000000000000000000e+00
0.000000000000000000e+00 0.000000000000000000e+00
0.000000000000000000e+00 0.000000000000000000e+00
0.000000000000000000e+00 0.000000000000000000e+00
0.000000000000000000e+00 0.000000000000000000e+00
0.000000000000000000e+00 0.000000000000000000e+00
0.000000000000000000e+00 0.000000000000000000e+00
0.000000000000000000e+00 0.000000000000000000e+00
0.000000000000000000e+00 0.000000000000000000e+00
0.000000000000000000e+00 0.000000000000000000e+00
0.000000000000000000e+00 0.000000000000000000e+00
0.000000000000000000e+00 0.000000000000000000e+00
0.000000000000000000e+00 0.000000000000000000e+00
0.000000000000000000e+00 0.000000000000000000e+00
0.000000000000000000e+00 0.000000000000000000e+00
0.000000000000000000e+00 0.000000000000000000e+00
0.000000000000000000e+00 0.000000000000000000e+00
0.000000000000000000e+00 0.000000000000000000e+00
0.000000000000000000e+00 0.000000000000000000e+00
0.000000000000000000e+00 0.000000000000000000e+00
0.000000000000000000e+00 0.000000000000000000e+00
0.000000000000000000e+00 0.000000000000000000e+00
0.000000000000000000e+00 0.000000000000000000e+00
0.000000000000000000e+00 0.000000000000000000e+00
0.000000000000000000e+00 0.000000000000000000e+00
0.000000000000000000e+00 0.000000000000000000e+00
0.000000000000000000e+00 0.000000000000000000e+00
0.000000000000000000e+00 0.000000000000000000e+00
0.000000000000000000e+00 0.000000000000000000e+00
0.000000000000000000e+00 0.000000000000000000e+00
0.000000000000000000e+00 0.000000000000000000e+00
0.000000000000000000e+00 0.000000000000000000e+00
0.000000000000000000e+00 0.000000000000000000e+00
0.000000000000000000e+00 0.000000000000000000e+00
0.000000000000000000e+00 0.000000000000000000e+00
0.000000000000000000e+00 0.000000000000000000e+00
0.000000000000000000e+00 0.000000000000000000e+00
0.000000000000000000e+00 0.000000000000000000e+00
0.000000000000000000e+00 0.000000000000000000e+00
0.000000000000000000e+00 0.000000000000000000e+00
0.000000000000000000e+00 0.000000000000000000e+00
0.000000000000000000e+00 0.000000000000000000e+00
0.000000000000000000e+00 0.000000000000000000e+00
0.000000000000000000e+00 0.000000000000000000e+00
0.000000000000000000e+00 0.000000000000000000e+00
0.000000000000000000e+00 0.000000000000000000e+00
0.000000000000000000e+00 0.000000000000000000e+00
0.000000000000000000e+00 0.000000000000000000e+00
0.000000000000000000e+00 0.000000000000000000e+00
