-1.852103341067642032e+04 -9.774158462684965343e+03
-1.877918826250061102e+04 -1.079920618061828827e+04
-1.868055267125379396e+04 -1.054053957218939831e+04
-2.070366599645415408e+04 -1.250425075572536480e+04
-2.076202615371705906e+04 -1.295962259649924636e+04
-2.116444046432729374e+04 -1.399446760470059962e+04
-2.164354131622545901e+04 -1.606394605096403211e+04
-2.206277540891859826e+04 -1.498081230090182362e+04
-2.437437675567741462e+04 -1.617712632528336690e+04
-2.501459869798759246e+04 -1.581743901838641614e+04
-2.666861782643862171e+04 -1.576691021048052244e+04
-2.766774204890420151e+04 -1.570356333905456995e+04
-2.847419480935703541e+04 -1.630569847554911394e+04
-2.840518738402503368e+04 -1.636331278749050034e+04
-2.976208516890968531e+04 -1.736814053137018709e+04
-3.117572353567536993e+04 -1.673483243729969035e+04
-3.121452516644486604e+04 -1.982248953644057110e+04
-3.163577981751107291e+04 -1.888893039855585812e+04
-3.105226069550925240e+04 -2.060697810085046513e+04
-3.137068717974951505e+04 -2.211410009451575388e+04
-3.097798642116171686e+04 -2.011253511011653245e+04
-3.231954200556049909e+04 -2.380881598626151026e+04
-3.408620630840613740e+04 -2.266026292891385674e+04
-2.349404997036119676e+04 -2.584067890215074658e+04
-2.380481034465193079e+04 -2.509692547514103353e+04
-2.268140218336153339e+04 -2.464732338507321401e+04
-2.651184410230720823e+04 -2.710299289372895146e+04
-2.127171654140098690e+04 -2.570599305933828873e+04
-1.981164234360082264e+04 -1.106651983731873406e+04
-2.090878869312298775e+04 -1.242613628376634915e+04
-2.137418070648622597e+04 -1.507928374777160752e+04
-2.192674869547977505e+04 -1.597324404579562724e+04
-2.306057452743187605e+04 -1.480296587445522164e+04
-2.166865727627757587e+04 -1.521053894572175159e+04
-2.383416682584539376e+04 -1.424648269746244114e+04
-2.217494151377398885e+04 -1.578163330582943672e+04
-2.319524833377492905e+04 -1.521206684864097770e+04
-2.319315843736226816e+04 -1.356370077162916641e+04
-1.538774478301443378e+04 -1.299568395355861867e+04
-2.434526114970792332e+04 -1.578343555387480774e+04
-3.037147014261139338e+04 -1.591729818410599910e+04
-2.500738463096056876e+04 -1.519053336041091097e+04
-2.559879798075946019e+04 -1.238382703764082908e+04
-1.890996705847848352e+04 -1.230146082043390197e+04
-1.780649595726848565e+04 -1.012649445525851297e+04
-2.513363742737925713e+04 -1.268137229668808504e+04
-2.239876218881334717e+04 -1.184958193740444221e+04
-2.257617230919824215e+04 -1.378300435451657722e+04
-2.298332986101919232e+04 -1.015889237288323966e+04
-2.488070395325621939e+04 -1.602906254042344335e+04
-2.996988420598611265e+04 -1.546227814336708434e+04
0.000000000000000000e+00 -4.024046068225115960e+03
0.000000000000000000e+00 0.000000000000000000e+00
0.000000000000000000e+00 0.000000000000000000e+00
0.000000000000000000e+00 0.000000000000000000e+00
-2.358777344528237791e+03 0.000000000000000000e+00
-1.888010416970689403e+04 -1.359472486146596748e+04
-2.001899841957286117e+04 -1.301259440970375908e+04
-2.082649879034720652e+04 -1.433019548261824275e+04
-1.980958489783411278e+04 -1.516744890687959014e+04
-2.183783448656104520e+04 -1.685487887677459003e+04
-2.187585361662831565e+04 -1.449423187235658406e+04
-2.256408983778833499e+04 -1.517063711082319242e+04
-2.110293930619195817e+04 -1.428433158752016243e+04
-2.053120430367364679e+04 -1.422135032762562332e+04
-2.037314057608923758e+04 -1.554422391494659678e+04
-2.092760675622331837e+04 -1.439269627219015274e+04
-2.019436799133618479e+04 -1.564287694314870350e+04
-2.041066261031740578e+04 -1.503760916914823792e+04
-2.245549272754124831e+04 -9.948950280305660272e+03
-2.283542816260793552e+04 -1.088999598596000214e+04
-2.017797848665606216e+04 -1.210356229129488929e+04
-2.036237842682627888e+04 -1.150726094712231679e+04
-1.600953961337385044e+04 -9.572699993677695602e+03
-1.480362610759105155e+04 -8.017997596920029537e+03
-1.238275245490025009e+04 -9.076501639917732973e+03
-1.728133683367210324e+04 -7.302039377418349432e+03
-1.783263631694359356e+04 -1.102459071427753770e+04
-1.808025297674389731e+04 -1.171450746944642924e+04
-4.218850977204349874e+03 -4.334737878957999783e+03
-4.249204403512114368e+03 -3.166723469999999907e+03
0.000000000000000000e+00 -1.577000000000000000e+03
0.000000000000000000e+00 -2.052700000000000273e+03
-2.083082324268061711e+03 0.000000000000000000e+00
-2.025847864879278131e+04 -1.531965360974685609e+04
-2.181120310770884680e+04 -1.623782658122422254e+04
-1.675294987600405875e+04 -1.663669230028183665e+04
-1.929460980360636313e+04 -1.671158470038990345e+04
-1.810239141012703476e+04 -1.570316969620660348e+04
-2.064676167917894054e+04 -1.554501896260020658e+04
-2.046439927025349607e+04 -1.516018543657612827e+04
-1.690940109279593889e+04 -1.330510511245127964e+04
-1.536037153307885274e+04 -1.283448726730692579e+04
-1.851917760795065624e+04 -1.201066566421101743e+04
-1.546179641578657720e+04 -1.212774932065070789e+04
-2.010501545872422867e+04 -8.569563849451929855e+03
-1.514630724975441626e+04 -1.195824166582600265e+04
-2.033490265355120937e+04 -7.104518012724778600e+03
-9.219263039733428741e+03 -8.315278303688510277e+03
-1.339053542147511507e+04 -5.970109761802959838e+03
-9.508824611414709580e+03 -8.791677315918379463e+03
-8.581154351063569266e+03 -9.042815029354555008e+03
-7.895100541382782467e+03 -6.314359451535890003e+03
-1.200341190544545134e+04 -3.471887809577764529e+03
-1.215212963015382229e+04 -3.915267480726864960e+03
-1.573378997532538597e+04 -7.342689978184896972e+03
-1.768381897852564362e+04 -1.029486405763350558e+04
-6.130101442709448747e+03 -1.958400000000000091e+03
0.000000000000000000e+00 0.000000000000000000e+00
0.000000000000000000e+00 0.000000000000000000e+00
0.000000000000000000e+00 0.000000000000000000e+00
0.000000000000000000e+00 0.000000000000000000e+00
-2.047120431279005788e+04 -1.702487676745376302e+04
-1.843484324137755902e+04 -1.652935270137081534e+04
-1.909964844094472937e+04 -1.868098881163644910e+04
-1.683383491641150613e+04 -1.718643572403247890e+04
-1.725283839809302299e+04 -1.563257367624292601e+04
-1.704256541312888294e+04 -1.606796793014020113e+04
-1.637168993187352680e+04 -1.552956425436306199e+04
-1.776175698567421205e+04 -1.211737233955079319e+04
-1.715129493358398759e+04 -1.554110521346692622e+04
-1.418062718441956531e+04 -1.388097310912536886e+04
-1.855881798659508786e+04 -1.112319772027742511e+04
-1.617655121672640053e+04 -1.308927177908822887e+04
-1.570171823051202955e+04 -1.338315833382237179e+04
-1.684863474465739637e+04 -9.102667447310657735e+03
-8.753588586015375768e+03 -9.289139342757203849e+03
-7.700381895540511323e+03 -7.893140737606850962e+03
-7.613407230263492238e+03 -7.475601557402252183e+03
-1.181472840192769945e+04 -6.903639449655272983e+03
-5.061644470593057122e+03 -4.514932712532028745e+03
-1.061505768807598724e+04 -5.889345239457279604e+03
-5.107343615930462875e+03 -2.226073999911875489e+03
-7.963580094542796360e+03 -7.629114572910958486e+03
-1.266578318272144497e+04 -9.556905291122353447e+03
-3.861903521276430183e+03 -1.948762131517623857e+03
0.000000000000000000e+00 0.000000000000000000e+00
0.000000000000000000e+00 0.000000000000000000e+00
0.000000000000000000e+00 0.000000000000000000e+00
0.000000000000000000e+00 0.000000000000000000e+00
-2.104381188502339501e+04 -1.904657402297322551e+04
-1.881683114412588111e+04 -1.902542702456340703e+04
-1.874601116472893773e+04 -1.851623549025857210e+04
-1.801974182164890226e+04 -1.772327255549811525e+04
-1.625199492859015118e+04 -1.562250685928636813e+04
-1.574295801322023908e+04 -1.497833220729775167e+04
-1.601984134119994633e+04 -1.562588057508185193e+04
-1.262054239739335026e+04 -1.176981034772623389e+04
-1.584216855186298017e+04 -1.512071984755741505e+04
-1.829661424184221687e+04 -1.312798543968267404e+04
-1.364624447575123122e+04 -1.151813717061880197e+04
-1.467212893940331378e+04 -1.271345099144249434e+04
-1.751421911079195343e+04 -1.207846120438637081e+04
-9.479361945861424829e+03 -8.843757456167837518e+03
-7.230868991053702302e+03 -7.472697195223914605e+03
-9.585495387013665095e+03 -7.067536137980678177e+03
-9.137240645227584537e+03 -6.637042541410838567e+03
-4.450281414178740306e+03 -3.163023476422476961e+03
-3.117922354315739540e+03 -4.471904824967125933e+03
-8.799813237794593078e+03 -2.941412043100039227e+03
-6.784803820622336389e+03 -5.432114098606522020e+03
-8.409017452127352954e+03 -5.493387291995166379e+03
-7.036360037523624669e+03 -2.869356662380881971e+03
0.000000000000000000e+00 0.000000000000000000e+00
-2.569453175492199989e+03 0.000000000000000000e+00
0.000000000000000000e+00 0.000000000000000000e+00
0.000000000000000000e+00 0.000000000000000000e+00
0.000000000000000000e+00 0.000000000000000000e+00
-2.072909070140612675e+04 -2.043283408047737612e+04
-1.760889587870643663e+04 -1.767908982477715836e+04
-1.743929857126736169e+04 -1.866843866328122749e+04
-1.839585002724391961e+04 -1.761101100893822149e+04
-1.759259204390805098e+04 -1.671941545153446350e+04
-1.650045290364940229e+04 -1.533782945954695788e+04
-1.553597041705541233e+04 -1.680767204744537230e+04
-1.558282347208368446e+04 -1.593642417106603898e+04
-1.629437076024071939e+04 -1.352447331185260737e+04
-1.518063998751049257e+04 -1.450747337199674621e+04
-1.411405498606898982e+04 -1.215474403640810488e+04
-1.235268418595687217e+04 -1.082082118964843721e+04
-1.391861687125202479e+04 -9.832886356585480826e+03
-1.347729752786373501e+04 -9.248177580603325623e+03
-1.134893090994926752e+04 -9.109931305093456103e+03
-5.269573529263362616e+03 -5.555346453005505282e+03
-1.010848008611601108e+04 -7.739188116671050921e+03
-6.146796592587191299e+03 -5.381081606866286165e+03
-3.254640863932079810e+03 -5.124003358005653354e+03
-6.281884293389560298e+03 -8.347426755055195827e+03
0.000000000000000000e+00 0.000000000000000000e+00
-5.576446529455751261e+03 -3.709405734155935988e+03
-5.485963400000000547e+03 -8.618824629667486079e+03
-8.798000000000000682e+02 0.000000000000000000e+00
0.000000000000000000e+00 0.000000000000000000e+00
0.000000000000000000e+00 0.000000000000000000e+00
0.000000000000000000e+00 0.000000000000000000e+00
0.000000000000000000e+00 0.000000000000000000e+00
-2.084812886129512481e+04 -2.043554381821397692e+04
-1.722445130392155988e+04 -1.821086397384865995e+04
-1.889379271058895756e+04 -1.935563980181959050e+04
-1.691063869639309269e+04 -1.645553203129606845e+04
-1.729618951638375438e+04 -1.741206335952114750e+04
-1.590232996290636038e+04 -1.614893403453712926e+04
-1.604388999259918273e+04 -1.624077976119546111e+04
-1.536672632773155783e+04 -1.318923819655301850e+04
-1.630604132836581630e+04 -1.574543058850053239e+04
-1.431924849858242669e+04 -1.322561618428939983e+04
-1.525911444286027472e+04 -1.491131841123145387e+04
-1.388472718134576826e+04 -1.278768866082446948e+04
-1.398509631973154865e+04 -1.036827917580354915e+04
-1.037989154142472762e+04 -5.791259654794477683e+03
-7.827975200326389313e+03 -7.152268896787740232e+03
-1.185547655527668394e+04 -1.003659900838120302e+04
-6.657708439145092598e+03 -5.769389574341674233e+03
-8.362592340212955605e+03 -6.742552416562660255e+03
-4.742163643168836643e+03 -5.271870098284665801e+03
-4.018930894988227465e+03 -2.669039999999999964e+03
-2.156131931158531643e+03 -3.544437870818855572e+03
-6.194807027353261219e+03 -1.535483000000000175e+03
-2.137422208508851782e+03 -2.335725267205385535e+03
0.000000000000000000e+00 -2.062700000000000273e+03
0.000000000000000000e+00 0.000000000000000000e+00
0.000000000000000000e+00 0.000000000000000000e+00
0.000000000000000000e+00 0.000000000000000000e+00
0.000000000000000000e+00 0.000000000000000000e+00
-2.025692393587693005e+04 -2.071557383476546602e+04
-1.562818316570311435e+04 -1.557680071622875948e+04
-1.510716015352302747e+04 -1.557424717217447687e+04
-1.516878017191092476e+04 -1.434471779973131925e+04
-1.419456612266089724e+04 -1.466260399095502544e+04
-1.290954173436838209e+04 -1.288270560260937782e+04
-1.470920768488402246e+04 -1.534305169591326739e+04
-1.349206596790231197e+04 -1.358742642082293241e+04
-8.698170565851647552e+03 -9.457708799573685610e+03
-7.829163826450473607e+03 -7.557109771974037358e+03
-7.803471178466600577e+03 -6.504181734241473350e+03
-7.801187023484848396e+03 -7.815308756011179867e+03
-9.268188387350679477e+03 -7.644421025639745494e+03
-4.841136746518179280e+03 -3.784892180256289976e+03
-5.832464093657156809e+03 -6.688371238451924000e+03
0.000000000000000000e+00 -2.085736802811413327e+03
-2.255769586405060636e+03 -2.658286747033124811e+03
-1.319400000000000091e+03 -6.530720000000001164e+02
-5.188830428019760802e+03 -8.335016511771714249e+02
-1.608386878939227699e+03 -1.426676356081732592e+03
-2.064502400000000307e+03 0.000000000000000000e+00
-3.448170307134345421e+03 0.000000000000000000e+00
-5.615414647368158512e+03 -4.672601613811546486e+03
0.000000000000000000e+00 0.000000000000000000e+00
0.000000000000000000e+00 0.000000000000000000e+00
0.000000000000000000e+00 0.000000000000000000e+00
0.000000000000000000e+00 0.000000000000000000e+00
0.000000000000000000e+00 0.000000000000000000e+00
-2.075972096291416165e+04 -2.097658805837156979e+04
-1.504246735152041947e+04 -1.499751855526841427e+04
-1.440518097781123652e+04 -1.510712236382454648e+04
-1.383704371776823245e+04 -1.368842898778768176e+04
-1.290686183933580833e+04 -1.445377592777603058e+04
-1.467052601253612374e+04 -1.507676726142932057e+04
-1.133902607923267533e+04 -1.044926128973943196e+04
-1.134394557566643562e+04 -9.954592615814222881e+03
-7.901394349542039890e+03 -7.800968909649911438e+03
-4.554605943834747450e+03 -8.184126331825575107e+03
-6.198498615432205042e+03 -6.511653518873464236e+03
-7.427242727271039257e+03 -3.749702862732887297e+03
-6.843069701230049759e+03 -3.764194439603222236e+03
-2.320180000000000291e+03 -4.876089019142871621e+03
-1.408117865092599232e+03 -8.595126541253947607e+02
-3.986847858741746677e+03 -9.943534016586320377e+02
-1.729963524685274933e+03 0.000000000000000000e+00
-2.295636706000000231e+03 0.000000000000000000e+00
0.000000000000000000e+00 -7.122993855092931881e+02
0.000000000000000000e+00 -6.823000000000000682e+02
-4.154971475128679231e+03 0.000000000000000000e+00
0.000000000000000000e+00 -1.182377499564290019e+03
-2.054000000000000000e+03 0.000000000000000000e+00
0.000000000000000000e+00 0.000000000000000000e+00
0.000000000000000000e+00 0.000000000000000000e+00
0.000000000000000000e+00 0.000000000000000000e+00
0.000000000000000000e+00 0.000000000000000000e+00
0.000000000000000000e+00 0.000000000000000000e+00
-2.044482581792129713e+04 -2.208814185665170226e+04
-1.464752410902185329e+04 -1.545331683833593888e+04
-1.279496926392628848e+04 -1.519578117565178218e+04
-1.183024771734375463e+04 -1.208183330327293334e+04
-1.468194774946571306e+04 -1.624578873622157880e+04
-6.430460892121123834e+03 -6.755238106124794285e+03
-1.103656163540224952e+04 -9.708361884352780180e+03
-7.037454491900524772e+03 -7.414932164430954799e+03
-6.325225191406220802e+03 -5.635574212382067344e+03
-2.902126113863452247e+03 -2.016995285511611200e+03
-4.472533112339566287e+03 -3.759146219447762633e+03
-3.497714617253044253e+03 -2.911918054745193331e+03
-3.612477726405060821e+03 -1.675077403926777151e+03
-1.463219686080760312e+03 0.000000000000000000e+00
-2.150263432361858577e+03 0.000000000000000000e+00
-1.564803787887064118e+03 -1.708879439333770279e+03
-2.553292437194077593e+03 -2.293198524968494894e+03
0.000000000000000000e+00 0.000000000000000000e+00
0.000000000000000000e+00 0.000000000000000000e+00
-1.917400000000000091e+03 0.000000000000000000e+00
0.000000000000000000e+00 0.000000000000000000e+00
-2.073604749837232248e+03 -1.096956966353410053e+03
0.000000000000000000e+00 -1.023400000000000091e+03
0.000000000000000000e+00 0.000000000000000000e+00
0.000000000000000000e+00 0.000000000000000000e+00
0.000000000000000000e+00 0.000000000000000000e+00
0.000000000000000000e+00 0.000000000000000000e+00
0.000000000000000000e+00 0.000000000000000000e+00
0.000000000000000000e+00 0.000000000000000000e+00
0.000000000000000000e+00 0.000000000000000000e+00
0.000000000000000000e+00 0.000000000000000000e+00
0.000000000000000000e+00 0.000000000000000000e+00
0.000000000000000000e+00 0.000000000000000000e+00
0.000000000000000000e+00 0.000000000000000000e+00
0.000000000000000000e+00 0.000000000000000000e+00
0.000000000000000000e+00 0.000000000000000000e+00
0.000000000000000000e+00 0.000000000000000000e+00
0.000000000000000000e+00 0.000000000000000000e+00
0.000000000000000000e+00 0.000000000000000000e+00
0.000000000000000000e+00 0.000000000000000000e+00
0.000000000000000000e+00 0.000000000000000000e+00
0.000000000000000000e+00 0.000000000000000000e+00
0.000000000000000000e+00 0.000000000000000000e+00
0.000000000000000000e+00 0.000000000000000000e+00
0.000000000000000000e+00 0.000000000000000000e+00
0.000000000000000000e+00 0.000000000000000000e+00
0.000000000000000000e+00 0.000000000000000000e+00
0.000000000000000000e+00 0.000000000000000000e+00
0.000000000000000000e+00 0.000000000000000000e+00
0.000000000000000000e+00 0.000000000000000000e+00
0.000000000000000000e+00 0.000000000000000000e+00
0.000000000000000000e+00 0.000000000000000000e+00
0.000000000000000000e+00 0.000000000000000000e+00
0.000000000000000000e+00 0.000000000000000000e+00
0.000000000000000000e+00 0.000000000000000000e+00
0.000000000000000000e+00 0.000000000000000000e+00
0.000000000000000000e+00 0.000000000000000000e+00
0.000000000000000000e+00 0.000000000000000000e+00
0.000000000000000000e+00 0.000000000000000000e+00
0.000000000000000000e+00 0.000000000000000000e+00
0.000000000000000000e+00 0.000000000000000000e+00
0.000000000000000000e+00 0.000000000000000000e+00
0.000000000000000000e+00 0.000000000000000000e+00
0.000000000000000000e+00 0.000000000000000000e+00
0.000000000000000000e+00 0.000000000000000000e+00
0.000000000000000000e+00 0.000000000000000000e+00
0.000000000000000000e+00 0.000000000000000000e+00
0.000000000000000000e+00 0.000000000000000000e+00
0.000000000000000000e+00 0.000000000000000000e+00
0.000000000000000000e+00 0.000000000000000000e+00
0.000000000000000000e+00 0.000000000000000000e+00
0.000000000000000000e+00 0.000000000000000000e+00
0.000000000000000000e+00 0.000000000000000000e+00
0.000000000000000000e+00 0.000000000000000000e+00
0.000000000000000000e+00 0.000000000000000000e+00
0.000000000000000000e+00 0.000000000000000000e+00
0.000000000000000000e+00 0.000000000000000000e+00
0.000000000000000000e+00 0.000000000000000000e+00
0.000000000000000000e+00 0.000000000000000000e+00
0.000000000000000000e+00 0.000000000000000000e+00
0.000000000000000000e+00 0.000000000000000000e+00
0.000000000000000000e+00 0.000000000000000000e+00
0.000000000000000000e+00 0.000000000000000000e+00
0.000000000000000000e+00 0.000000000000000000e+00
0.000000000000000000e+00 0.000000000000000000e+00
0.000000000000000000e+00 0.000000000000000000e+00
0.000000000000000000e+00 0.000000000000000000e+00
0.000000000000000000e+00 0.000000000000000000e+00
0.000000000000000000e+00 0.000000000000000000e+00
0.000000000000000000e+00 0.000000000000000000e+00
0.000000000000000000e+00 0.000000000000000000e+00
0.000000000000000000e+00 0.000000000000000000e+00
0.000000000000000000e+00 0.000000000000000000e+00
0.000000000000000000e+00 0.000000000000000000e+00
0.000000000000000000e+00 0.000000000000000000e+00
0.000000000000000000e+00 0.000000000000000000e+00
0.000000000000000000e+00 0.000000000000000000e+00
0.000000000000000000e+00 0.000000000000000000e+00
0.000000000000000000e+00 0.000000000000000000e+00
0.000000000000000000e+00 0.000000000000000000e+00
0.000000000000000000e+00 0.000000000000000000e+00
0.000000000000000000e+00 0.000000000000000000e+00
0.000000000000000000e+00 0.000000000000000000e+00
0.000000000000000000e+00 0.000000000000000000e+00
0.000000000000000000e+00 0.000000000000000000e+00
0.000000000000000000e+00 0.000000000000000000e+00
0.000000000000000000e+00 0.000000000000000000e+00
0.000000000000000000e+00 0.000000000000000000e+00
0.000000000000000000e+00 0.000000000000000000e+00
0.000000000000000000e+00 0.000000000000000000e+00
0.000000000000000000e+00 0.000000000000000000e+00
0.000000000000000000e+00 0.000000000000000000e+00
