-1.828758398045520153e+04 -1.303175768431034339e+04
-1.835485677384702285e+04 -1.492745209559408067e+04
-1.734228478662921407e+04 -1.404678178279492749e+04
-1.874439712625986431e+04 -1.532825956800931090e+04
-2.032551560326032995e+04 -1.443994140056644937e+04
-2.099651723517932987e+04 -1.460277943508375756e+04
-2.070717253299346703e+04 -1.497625473255774341e+04
-2.173153344146021482e+04 -1.540353877682730308e+04
-2.274699146584837217e+04 -1.576563126978743276e+04
-2.425535879131296315e+04 -1.502827315853727123e+04
-2.596888973658209943e+04 -1.497026096590343150e+04
-2.743889836197766999e+04 -1.543866832556594272e+04
-2.842594940595778826e+04 -1.542463703650635398e+04
-2.630072042772534041e+04 -1.466099908086847790e+04
-2.743643321691270103e+04 -1.631478082184487175e+04
-2.804572050344787203e+04 -1.558322385341064000e+04
-2.960933410037014983e+04 -1.940590757735002990e+04
-2.850143281530378954e+04 -2.101654795703852869e+04
-2.841229680071580879e+04 -1.913044597722843173e+04
-2.979819762284062381e+04 -2.349013318346649976e+04
-3.079527343450320404e+04 -1.892964089139077623e+04
-3.375099588106932788e+04 -2.216638834864207820e+04
-3.332677691516769846e+04 -2.188478121680552795e+04
-2.270569734918913673e+04 -2.371246349403971544e+04
-2.380481034465193079e+04 -2.402390251941757742e+04
-2.268140218336153339e+04 -2.464732338507321401e+04
-2.654221081660627897e+04 -2.808745683260620717e+04
-2.081689490441644739e+04 -2.602432527308755380e+04
-1.900561642776411827e+04 -1.637398661424810780e+04
-1.917150427434102312e+04 -1.662227171880648166e+04
-2.084157301248706790e+04 -1.668836995179828955e+04
-2.186907593001418354e+04 -1.890395790068452334e+04
-2.225568032495452644e+04 -1.639752971244059518e+04
-2.022953500704231556e+04 -1.461962860680058475e+04
-2.206900101888274730e+04 -1.454987700507697082e+04
-2.007711223539006824e+04 -1.545544930951648166e+04
-2.041721392187975289e+04 -1.491226395407685413e+04
-2.213490439014248477e+04 -1.258505283161107400e+04
-1.538774478301443378e+04 -1.276680551121613098e+04
-2.351625901936420632e+04 -1.449657358949286936e+04
-3.027439632221688589e+04 -1.539719749459097693e+04
-2.389971309610472599e+04 -1.362398702121027600e+04
-2.235137773894381826e+04 -1.164150957971504795e+04
-1.890996705847848352e+04 -1.169921117632722053e+04
-1.430641258013066363e+04 -1.012649445525851297e+04
-2.303232809454934613e+04 -1.152444011589898037e+04
-2.043925318169375169e+04 -1.184958193740444221e+04
-2.021633953642204506e+04 -1.325848839453329856e+04
-1.929759305011403558e+04 -9.278791648214373708e+03
-2.488070395325621939e+04 -1.529279418434472791e+04
-2.996988420598611265e+04 -1.546227814336708434e+04
0.000000000000000000e+00 -4.024046068225115960e+03
0.000000000000000000e+00 0.000000000000000000e+00
0.000000000000000000e+00 0.000000000000000000e+00
0.000000000000000000e+00 0.000000000000000000e+00
-2.358777344528237791e+03 0.000000000000000000e+00
-1.876884786789127611e+04 -1.253089600852287549e+04
-1.743983818608250658e+04 -1.217066271437923751e+04
-2.106776189943739882e+04 -1.298851000137140363e+04
-1.704886909926487351e+04 -1.387993220607828516e+04
-1.962553888147928592e+04 -1.518520193661133271e+04
-1.923283646260432579e+04 -1.320957755164621631e+04
-2.231629712505371208e+04 -1.500373852510794131e+04
-1.895792550213905270e+04 -1.152123259976973713e+04
-1.672619972540681920e+04 -1.050068670196559469e+04
-1.974462949636621124e+04 -1.437602036401800251e+04
-2.000263135607411095e+04 -1.427299423516924617e+04
-1.926152356326089648e+04 -1.408755432767004459e+04
-2.041066261031740578e+04 -1.380611501199619488e+04
-2.245549272754124831e+04 -9.573246620473928488e+03
-2.100596425104398804e+04 -9.862975050295963229e+03
-1.886196802408447184e+04 -1.117221090992458812e+04
-2.036237842682627888e+04 -1.150726094712231679e+04
-1.418360381317460633e+04 -8.088765290484199795e+03
-1.480362610759105155e+04 -6.989284182398232588e+03
-1.011110067635865926e+04 -9.076501639917732973e+03
-1.728133683367210324e+04 -7.302039377418349432e+03
-1.783263631694359356e+04 -1.071887857141948552e+04
-1.808025297674389731e+04 -1.171450746944642924e+04
-4.218850977204349874e+03 -4.334737878957999783e+03
-4.249204403512114368e+03 -1.649700000000000045e+03
0.000000000000000000e+00 -1.577000000000000000e+03
0.000000000000000000e+00 -2.052700000000000273e+03
-2.083082324268061711e+03 0.000000000000000000e+00
-1.903175302103340437e+04 -1.291416843744867037e+04
-1.797014042567394063e+04 -1.527126673270019091e+04
-1.552008681793115466e+04 -1.499704229864797526e+04
-1.747741738426849770e+04 -1.500525966255867934e+04
-1.701048643998317493e+04 -1.394821783859659627e+04
-1.666718842736390798e+04 -1.325130940193244169e+04
-1.945811669074935708e+04 -1.304686782472632694e+04
-1.551010331751996091e+04 -1.129081771086026492e+04
-1.303837590908528728e+04 -1.153570444510363632e+04
-1.613980799927011321e+04 -9.920106023100001039e+03
-1.291099374890554100e+04 -1.004096379176044684e+04
-1.923170880653566201e+04 -7.813385550550714470e+03
-1.514630724975441626e+04 -1.040934287357709400e+04
-1.603439165847813638e+04 -7.104518012724778600e+03
-9.219263039733428741e+03 -7.498733841682878847e+03
-9.260555856466206023e+03 -5.094335841887207607e+03
-9.508824611414709580e+03 -7.718283823493493401e+03
-8.581154351063569266e+03 -8.298894022585098355e+03
-7.895100541382782467e+03 -5.162938185150480422e+03
-1.200341190544545134e+04 -3.471887809577764529e+03
-1.215212963015382229e+04 -3.915267480726864960e+03
-1.573378997532538597e+04 -6.135843339068533169e+03
-1.768381897852564362e+04 -1.029486405763350558e+04
-6.130101442709448747e+03 -1.958400000000000091e+03
0.000000000000000000e+00 0.000000000000000000e+00
0.000000000000000000e+00 0.000000000000000000e+00
0.000000000000000000e+00 0.000000000000000000e+00
0.000000000000000000e+00 0.000000000000000000e+00
-1.975642575318973832e+04 -1.550345339303431138e+04
-1.832493608153234527e+04 -1.635193113930798245e+04
-1.730725088465344015e+04 -1.563650134473210346e+04
-1.548172915569565157e+04 -1.566331290115192860e+04
-1.447755700268808869e+04 -1.381129837729208157e+04
-1.392277804478953294e+04 -1.355541263183513729e+04
-1.554907757415970264e+04 -1.429031440018018111e+04
-1.586633829194000100e+04 -9.692068200162344510e+03
-1.417003864104423883e+04 -1.242564995321257265e+04
-1.314240722306789030e+04 -1.155660566133081011e+04
-1.506963087972860376e+04 -9.797551912357648689e+03
-1.617655121672640053e+04 -1.157141397998250613e+04
-1.570171823051202955e+04 -1.213971576663011729e+04
-1.684863474465739637e+04 -9.102667447310657735e+03
-8.753588586015375768e+03 -9.289139342757203849e+03
-4.953394786182318967e+03 -7.893140737606850962e+03
-7.613407230263492238e+03 -5.737132476892908926e+03
-9.585215640709697254e+03 -6.903639449655272983e+03
-5.061644470593057122e+03 -4.514932712532028745e+03
-1.061505768807598724e+04 -5.392255656501482008e+03
-5.107343615930462875e+03 -2.226073999911875489e+03
-7.963580094542796360e+03 -7.629114572910958486e+03
-1.266578318272144497e+04 -8.556825732894143584e+03
-3.861903521276430183e+03 -1.948762131517623857e+03
0.000000000000000000e+00 0.000000000000000000e+00
0.000000000000000000e+00 0.000000000000000000e+00
0.000000000000000000e+00 0.000000000000000000e+00
0.000000000000000000e+00 0.000000000000000000e+00
-1.903849916161544024e+04 -1.668998264036645924e+04
-1.725787080064415932e+04 -1.657003433087343728e+04
-1.686058868935525607e+04 -1.643690852077537056e+04
-1.636445724109593903e+04 -1.614430733073240299e+04
-1.511979584019381036e+04 -1.371802541995548927e+04
-1.309829348166300406e+04 -1.242110858460387317e+04
-1.538178208475419160e+04 -1.282375607068650061e+04
-1.051041137889832316e+04 -9.387920628701187525e+03
-1.388487412576915267e+04 -1.141803449325721158e+04
-1.239506993429233989e+04 -1.191878851979560204e+04
-1.364624447575123122e+04 -9.841188796523671044e+03
-1.150771183223797925e+04 -1.057230977085777522e+04
-1.574722103023995260e+04 -1.047378324117041484e+04
-8.145486225195232691e+03 -7.902722681753825782e+03
-7.230868991053702302e+03 -6.310167610005084498e+03
-7.622536250651825867e+03 -5.589146868466821616e+03
-9.137240645227584537e+03 -6.047824849527978586e+03
-4.450281414178740306e+03 -3.163023476422476961e+03
-3.117922354315739540e+03 -2.818510019704604929e+03
-8.799813237794593078e+03 -1.433500000000000000e+03
-4.125201627257069958e+03 -2.386933166836123291e+03
-8.409017452127352954e+03 -5.493387291995166379e+03
-7.036360037523624669e+03 -2.869356662380881971e+03
0.000000000000000000e+00 0.000000000000000000e+00
-2.569453175492199989e+03 0.000000000000000000e+00
0.000000000000000000e+00 0.000000000000000000e+00
0.000000000000000000e+00 0.000000000000000000e+00
0.000000000000000000e+00 0.000000000000000000e+00
-1.985024753085431803e+04 -1.766305560893802249e+04
-1.575885886459750145e+04 -1.582955564477594271e+04
-1.523535573360950548e+04 -1.585755370497389049e+04
-1.298763927262592370e+04 -1.578257468699350284e+04
-1.499540859725017617e+04 -1.499812221453789607e+04
-1.339698042943165456e+04 -1.333259332959436870e+04
-1.333961550315071327e+04 -1.353119189837620797e+04
-1.384746126025710691e+04 -1.318928996319054386e+04
-1.452960710714943161e+04 -1.166968235511970306e+04
-1.365895641211458315e+04 -1.087972851327270837e+04
-1.390303247030700913e+04 -1.070088892141629003e+04
-1.235268418595687217e+04 -9.382023724961149128e+03
-1.045072563518913739e+04 -8.389233620425060508e+03
-1.091467929332111635e+04 -8.771555645598928095e+03
-9.354072366729113128e+03 -8.555671211421858970e+03
-1.450826973976780209e+03 -4.493416712271924553e+03
-4.674878500917112433e+03 -5.518247205380846935e+03
-6.146796592587191299e+03 -5.381081606866286165e+03
-3.254640863932079810e+03 -3.690003731117392817e+03
-6.281884293389560298e+03 -5.865748487829597252e+03
0.000000000000000000e+00 0.000000000000000000e+00
-5.576446529455751261e+03 -3.709405734155935988e+03
-5.485963400000000547e+03 -7.518360699630539784e+03
-8.798000000000000682e+02 0.000000000000000000e+00
0.000000000000000000e+00 0.000000000000000000e+00
0.000000000000000000e+00 0.000000000000000000e+00
0.000000000000000000e+00 0.000000000000000000e+00
0.000000000000000000e+00 0.000000000000000000e+00
-1.913436819445584479e+04 -1.870565721997205401e+04
-1.474468497963645132e+04 -1.592307704270049726e+04
-1.648894620285008205e+04 -1.636565894577520339e+04
-1.526070365854773263e+04 -1.556462813859483686e+04
-1.592559706161287431e+04 -1.360918970905889364e+04
-1.474010997103719637e+04 -1.432539436618692707e+04
-1.461031537095784734e+04 -1.337882178878402192e+04
-1.457642634710727725e+04 -1.162026548495988027e+04
-1.429176974952085220e+04 -1.359335563019591245e+04
-1.395596274250665920e+04 -1.273277714944354011e+04
-1.291720934053569545e+04 -1.319656698072330983e+04
-1.286820070214374391e+04 -1.145427039839708959e+04
-1.168798395510091177e+04 -9.656650238681097107e+03
-8.827330217717793857e+03 -4.939997272738312859e+03
-7.827975200326389313e+03 -4.910084684084164110e+03
-1.185547655527668394e+04 -9.384306498478783396e+03
-5.199277637712717478e+03 -5.769389574341674233e+03
-6.744343295225213296e+03 -6.742552416562660255e+03
-4.055150274280829763e+03 -5.271870098284665801e+03
-2.576847498372323116e+03 -2.669039999999999964e+03
-2.156131931158531643e+03 -3.544437870818855572e+03
-3.804318378787035272e+03 -1.535483000000000175e+03
-2.137422208508851782e+03 -2.335725267205385535e+03
0.000000000000000000e+00 -2.062700000000000273e+03
0.000000000000000000e+00 0.000000000000000000e+00
0.000000000000000000e+00 0.000000000000000000e+00
0.000000000000000000e+00 0.000000000000000000e+00
0.000000000000000000e+00 0.000000000000000000e+00
-1.770056508616841893e+04 -1.822556209239856616e+04
-1.387200378219171398e+04 -1.395549588570254855e+04
-1.200444701335755417e+04 -1.424591634057239753e+04
-1.257478121335310607e+04 -1.290669050584010620e+04
-1.182381830981918574e+04 -1.149116111120743153e+04
-1.028692822128734588e+04 -1.045135206492502220e+04
-1.416704894774647619e+04 -1.448104513864697219e+04
-1.065888948698076638e+04 -1.087217769532032980e+04
-6.788182708191323400e+03 -6.314013190176504395e+03
-6.224676873004878871e+03 -6.537417125320094783e+03
-5.781446673351862046e+03 -4.429433673389401520e+03
-7.801187023484848396e+03 -6.500463101321478462e+03
-6.534308806810087844e+03 -4.727707375251595295e+03
-4.841136746518179280e+03 -2.563488995999651706e+03
-5.832464093657156809e+03 -4.442224187062867713e+03
0.000000000000000000e+00 -6.254269257996255647e+02
0.000000000000000000e+00 -1.280516734655413984e+03
-1.319400000000000091e+03 -6.530720000000001164e+02
-4.134846979518471926e+03 -8.335016511771714249e+02
-1.608386878939227699e+03 0.000000000000000000e+00
-2.064502400000000307e+03 0.000000000000000000e+00
-3.448170307134345421e+03 0.000000000000000000e+00
-5.615414647368158512e+03 -1.080690350195820656e+03
0.000000000000000000e+00 0.000000000000000000e+00
0.000000000000000000e+00 0.000000000000000000e+00
0.000000000000000000e+00 0.000000000000000000e+00
0.000000000000000000e+00 0.000000000000000000e+00
0.000000000000000000e+00 0.000000000000000000e+00
-1.795066216206760146e+04 -1.809847214707179228e+04
-1.303628717100716494e+04 -1.433631545881937200e+04
-1.288259975808901072e+04 -1.278794130823675368e+04
-1.240928544929189411e+04 -1.193395494654907270e+04
-1.099438096819558814e+04 -1.256043563372227982e+04
-1.216877790053257195e+04 -1.405416191072668698e+04
-9.804744001391125494e+03 -1.044926128973943196e+04
-9.617834796136650766e+03 -8.551361983331929878e+03
-6.332557177296820555e+03 -6.305163477380453514e+03
-4.554605943834747450e+03 -4.076559438470486384e+03
-5.268385508179691897e+03 -5.470602899086010439e+03
-7.427242727271039257e+03 -3.749702862732887297e+03
-3.811467046804625625e+03 -3.764194439603222236e+03
-2.320180000000000291e+03 -3.740868359862275611e+03
-1.408117865092599232e+03 -8.595126541253947607e+02
-3.986847858741746677e+03 -9.943534016586320377e+02
0.000000000000000000e+00 0.000000000000000000e+00
-2.295636706000000231e+03 0.000000000000000000e+00
0.000000000000000000e+00 -7.122993855092931881e+02
0.000000000000000000e+00 -6.823000000000000682e+02
-2.120927521254087424e+03 0.000000000000000000e+00
0.000000000000000000e+00 0.000000000000000000e+00
-2.054000000000000000e+03 0.000000000000000000e+00
0.000000000000000000e+00 0.000000000000000000e+00
0.000000000000000000e+00 0.000000000000000000e+00
0.000000000000000000e+00 0.000000000000000000e+00
0.000000000000000000e+00 0.000000000000000000e+00
0.000000000000000000e+00 0.000000000000000000e+00
-1.930150049774278159e+04 -2.044524261686322643e+04
-1.287243742008597292e+04 -1.463244311216894675e+04
-1.279496926392628848e+04 -1.431479371648477354e+04
-8.995442442624607793e+03 -9.480517819084247094e+03
-1.252874129054334844e+04 -1.289482157755959088e+04
-6.430460892121123834e+03 -6.755238106124794285e+03
-9.860091412510904775e+03 -8.770181521002828958e+03
-4.669466297669308005e+03 -3.917030690931437675e+03
-6.325225191406220802e+03 -4.750851907905826010e+03
-2.902126113863452247e+03 -2.016995285511611200e+03
-2.973998931429749973e+03 -2.114164115552809108e+03
-3.497714617253044253e+03 -2.911918054745193331e+03
-3.612477726405060821e+03 -1.675077403926777151e+03
-1.463219686080760312e+03 0.000000000000000000e+00
-2.150263432361858577e+03 0.000000000000000000e+00
-1.564803787887064118e+03 -1.708879439333770279e+03
-2.553292437194077593e+03 -2.293198524968494894e+03
0.000000000000000000e+00 0.000000000000000000e+00
0.000000000000000000e+00 0.000000000000000000e+00
-1.917400000000000091e+03 0.000000000000000000e+00
0.000000000000000000e+00 0.000000000000000000e+00
-2.073604749837232248e+03 -1.096956966353410053e+03
0.000000000000000000e+00 -1.023400000000000091e+03
0.000000000000000000e+00 0.000000000000000000e+00
0.000000000000000000e+00 0.000000000000000000e+00
0.000000000000000000e+00 0.000000000000000000e+00
0.000000000000000000e+00 0.000000000000000000e+00
0.000000000000000000e+00 0.000000000000000000e+00
0.000000000000000000e+00 0.000000000000000000e+00
0.000000000000000000e+00 0.000000000000000000e+00
0.000000000000000000e+00 0.000000000000000000e+00
0.000000000000000000e+00 0.000000000000000000e+00
0.000000000000000000e+00 0.000000000000000000e+00
0.000000000000000000e+00 0.000000000000000000e+00
0.000000000000000000e+00 0.000000000000000000e+00
0.000000000000000000e+00 0.000000000000000000e+00
0.000000000000000000e+00 0.000000000000000000e+00
0.000000000000000000e+00 0.000000000000000000e+00
0.000000000000000000e+00 0.000000000000000000e+00
0.000000000000000000e+00 0.000000000000000000e+00
0.000000000000000000e+00 0.000000000000000000e+00
0.000000000000000000e+00 0.000000000000000000e+00
0.000000000000000000e+00 0.000000000000000000e+00
0.000000000000000000e+00 0.000000000000000000e+00
0.000000000000000000e+00 0.000000000000000000e+00
0.000000000000000000e+00 0.000000000000000000e+00
0.000000000000000000e+00 0.000000000000000000e+00
0.000000000000000000e+00 0.000000000000000000e+00
0.000000000000000000e+00 0.000000000000000000e+00
0.000000000000000000e+00 0.000000000000000000e+00
0.000000000000000000e+00 0.000000000000000000e+00
0.000000000000000000e+00 0.000000000000000000e+00
0.000000000000000000e+00 0.000000000000000000e+00
0.000000000000000000e+00 0.000000000000000000e+00
0.000000000000000000e+00 0.000000000000000000e+00
0.000000000000000000e+00 0.000000000000000000e+00
0.000000000000000000e+00 0.000000000000000000e+00
0.000000000000000000e+00 0.000000000000000000e+00
0.000000000000000000e+00 0.000000000000000000e+00
0.000000000000000000e+00 0.000000000000000000e+00
0.000000000000000000e+00 0.000000000000000000e+00
0.000000000000000000e+00 0.000000000000000000e+00
0.000000000000000000e+00 0.000000000000000000e+00
0.000000000000000000e+00 0.000000000000000000e+00
0.000000000000000000e+00 0.000000000000000000e+00
0.000000000000000000e+00 0.000000000000000000e+00
0.000000000000000000e+00 0.000000000000000000e+00
0.000000000000000000e+00 0.000000000000000000e+00
0.000000000000000000e+00 0.000000000000000000e+00
0.000000000000000000e+00 0.000000000000000000e+00
0.000000000000000000e+00 0.000000000000000000e+00
0.000000000000000000e+00 0.000000000000000000e+00
0.000000000000000000e+00 0.000000000000000000e+00
0.000000000000000000e+00 0.000000000000000000e+00
0.000000000000000000e+00 0.000000000000000000e+00
0.000000000000000000e+00 0.000000000000000000e+00
0.000000000000000000e+00 0.000000000000000000e+00
0.000000000000000000e+00 0.000000000000000000e+00
0.000000000000000000e+00 0.000000000000000000e+00
0.000000000000000000e+00 0.000000000000000000e+00
0.000000000000000000e+00 0.000000000000000000e+00
0.000000000000000000e+00 0.000000000000000000e+00
0.000000000000000000e+00 0.000000000000000000e+00
0.000000000000000000e+00 0.000000000000000000e+00
0.000000000000000000e+00 0.000000000000000000e+00
0.000000000000000000e+00 0.000000000000000000e+00
0.000000000000000000e+00 0.000000000000000000e+00
0.000000000000000000e+00 0.000000000000000000e+00
0.000000000000000000e+00 0.000000000000000000e+00
0.000000000000000000e+00 0.000000000000000000e+00
0.000000000000000000e+00 0.000000000000000000e+00
0.000000000000000000e+00 0.000000000000000000e+00
0.000000000000000000e+00 0.000000000000000000e+00
0.000000000000000000e+00 0.000000000000000000e+00
0.000000000000000000e+00 0.000000000000000000e+00
0.000000000000000000e+00 0.000000000000000000e+00
0.000000000000000000e+00 0.000000000000000000e+00
0.000000000000000000e+00 0.000000000000000000e+00
0.000000000000000000e+00 0.000000000000000000e+00
0.000000000000000000e+00 0.000000000000000000e+00
0.000000000000000000e+00 0.000000000000000000e+00
0.000000000000000000e+00 0.000000000000000000e+00
0.000000000000000000e+00 0.000000000000000000e+00
0.000000000000000000e+00 0.000000000000000000e+00
0.000000000000000000e+00 0.000000000000000000e+00
0.000000000000000000e+00 0.000000000000000000e+00
0.000000000000000000e+00 0.000000000000000000e+00
0.000000000000000000e+00 0.000000000000000000e+00
0.000000000000000000e+00 0.000000000000000000e+00
0.000000000000000000e+00 0.000000000000000000e+00
0.000000000000000000e+00 0.000000000000000000e+00
0.000000000000000000e+00 0.000000000000000000e+00
