-1.072155501775183620e+04 -9.852872384051581321e+03
-1.160025479881479441e+04 -1.032794573599187970e+04
-1.068421525769343316e+04 -1.055178609167231116e+04
-1.124883989150154048e+04 -1.049851526381122858e+04
-1.196094089273475220e+04 -1.068991760859499664e+04
-1.405317624571817578e+04 -1.062467437100752977e+04
-1.206127085117405113e+04 -1.033367948004867321e+04
-1.232054120231873094e+04 -9.876019520966388882e+03
-1.431450890801635251e+04 -9.443650972276303946e+03
-1.636712510900819871e+04 -9.694734071576338465e+03
-1.559581377334153876e+04 -9.952890726714731500e+03
-1.744259293599211378e+04 -1.013718626964533723e+04
-1.850106766760668688e+04 -1.015986985598806496e+04
-1.798420909755468165e+04 -1.067252077468398966e+04
-2.086643088981563778e+04 -1.003049786923732972e+04
-1.908067907769684098e+04 -1.164365691178756424e+04
-2.136322447240696420e+04 -1.338845339612012685e+04
-2.205530262482827675e+04 -1.538513157699372459e+04
-2.167764943293735269e+04 -1.529047816428689111e+04
-2.250382087526986652e+04 -1.649536539398017339e+04
-2.359341396797201378e+04 -1.643796322939109814e+04
-2.596537613999495807e+04 -1.763834916946107842e+04
-2.560828824707574677e+04 -1.830404504248645026e+04
-1.947573552091956299e+04 -1.919761817063323542e+04
-1.814936624874352856e+04 -1.882633892291439042e+04
-1.611141388673520851e+04 -1.894831659735453650e+04
-2.154511807825739743e+04 -2.658837363183719572e+04
-1.804774723441523383e+04 -2.136189212380504978e+04
-1.221314926518149878e+04 -1.372319902346944218e+04
-1.145988305308155941e+04 -1.183505032076932366e+04
-1.463934644647063760e+04 -1.152101177314477900e+04
-1.298582739510190186e+04 -1.005484051655358417e+04
-1.222176831954442969e+04 -9.685626058550895323e+03
-1.243564366980628074e+04 -9.512149312464009199e+03
-1.428582361407222561e+04 -9.559531235180567819e+03
-1.150708455937950202e+04 -9.115299048004537326e+03
-1.370736976277743452e+04 -8.213137850516905019e+03
-1.223188161954952920e+04 -7.097384096263917854e+03
-1.197058460305076733e+04 -7.588423092578643264e+03
-1.533507861565269195e+04 -9.117842668435074302e+03
-1.852966663110350055e+04 -9.302809392067567387e+03
-1.371131419782323792e+04 -7.242559988803885972e+03
-1.182545988535889774e+04 -4.379399111457260005e+03
-1.309613085676051560e+04 -5.969324796623083785e+03
-1.430641258013066363e+04 -6.223575174939402132e+03
-1.729894482958387380e+04 -6.520778159989071355e+03
-1.289400219791767631e+04 -7.627205438491817404e+03
-1.868458828553689818e+04 -9.722890563033924991e+03
-1.365676183472919729e+04 -6.332201409976758441e+03
-2.085385760880836096e+04 -1.106753357923400472e+04
-2.558218332344321243e+04 -1.002621155421841104e+04
0.000000000000000000e+00 -2.136472845736277122e+03
0.000000000000000000e+00 0.000000000000000000e+00
0.000000000000000000e+00 0.000000000000000000e+00
0.000000000000000000e+00 0.000000000000000000e+00
-2.358777344528237791e+03 0.000000000000000000e+00
-1.261584495564712779e+04 -9.041892566911808899e+03
-1.086569449659836937e+04 -8.682669916128870682e+03
-1.425411762446097055e+04 -8.950974328205262282e+03
-9.049347409265816168e+03 -9.280534727949510852e+03
-1.100199517121512145e+04 -8.067301107961469825e+03
-8.096519511306587447e+03 -8.319536320258648630e+03
-1.184090998998694522e+04 -7.874295466483931705e+03
-1.268870076354276534e+04 -6.505751292540849136e+03
-7.921122501776133504e+03 -6.856602104304989552e+03
-9.041109290743521342e+03 -5.593047925165114066e+03
-1.321557784680366603e+04 -8.449692144852253477e+03
-1.195839697153032830e+04 -5.436639416099722439e+03
-1.484683549087995016e+04 -6.522602060942838762e+03
-1.323907366731263392e+04 -5.456831815505474879e+03
-1.192421580963959605e+04 -4.766724044970912473e+03
-8.154648048968034345e+03 -3.636889443246202063e+03
-9.497050564522405693e+03 -4.940342427415595012e+03
-1.070173909092639224e+04 -3.721234840588559564e+03
-8.668449568515152350e+03 -3.577921539449313968e+03
-6.592856780119103860e+03 -5.091136173313989275e+03
-7.765749614701838254e+03 -2.537483593638343791e+03
-1.107535708695830363e+04 -8.415699893179815263e+03
-9.996793549667472689e+03 -6.575858781458452540e+03
-2.187082324268061711e+03 -1.389200000000000045e+03
-1.921045884160685546e+03 0.000000000000000000e+00
0.000000000000000000e+00 -1.577000000000000000e+03
0.000000000000000000e+00 0.000000000000000000e+00
-2.083082324268061711e+03 0.000000000000000000e+00
-1.184688305409395798e+04 -9.811793668888125467e+03
-1.150638104648259286e+04 -1.080104453923551955e+04
-1.166613673422196553e+04 -9.989560784538307416e+03
-1.284792307912367869e+04 -1.032158908727831295e+04
-8.729177488946686935e+03 -7.077715425789995606e+03
-8.905969943289248477e+03 -8.126805335485153591e+03
-8.316158995684239926e+03 -7.523975752914711848e+03
-7.856927908386000126e+03 -6.371879994142189389e+03
-9.025598819669772638e+03 -4.963673921812295703e+03
-9.737045953093685966e+03 -4.085920157241522702e+03
-5.481992497070317768e+03 -4.728338208270647556e+03
-5.952847838776592653e+03 -4.768523531693254881e+03
-1.135016800708480150e+04 -5.289728076666037850e+03
-9.698306754106026347e+03 -2.188253598494979997e+03
-4.796894204035520488e+03 -4.320885641905669218e+03
-4.853042057158016178e+03 -5.859478075661603498e+02
-4.341793235984201601e+03 -2.774607236566426309e+03
-7.236141223619334596e+03 -3.442623999999999796e+03
-2.829466434718201526e+03 -2.462853822863998175e+03
-9.295184403565148386e+03 -1.775480010641960462e+03
-5.174821915382401130e+03 -6.534672460766302038e+02
-9.986373485022919340e+03 -3.964091962969627275e+03
-9.971334330636129380e+03 -5.453031619291967218e+03
-4.558993521157968644e+03 -1.958400000000000091e+03
0.000000000000000000e+00 0.000000000000000000e+00
0.000000000000000000e+00 0.000000000000000000e+00
0.000000000000000000e+00 0.000000000000000000e+00
0.000000000000000000e+00 0.000000000000000000e+00
-1.267533636701324940e+04 -1.186930078646234142e+04
-1.136455492495481303e+04 -1.092374630907246683e+04
-1.040274857048236299e+04 -1.049323727626613072e+04
-9.912176687454439161e+03 -9.263893995494170667e+03
-6.102194571720085150e+03 -6.362143357171808020e+03
-5.899988785925082993e+03 -6.148080392695250339e+03
-8.452851076581973757e+03 -7.221628923117254089e+03
-7.193067404001441901e+03 -4.961673169413421419e+03
-6.322682410051181250e+03 -5.531389842595964183e+03
-8.090275679182018393e+03 -6.960718486345244855e+03
-9.667879587465988152e+03 -4.411701830656786115e+03
-4.807798118761592377e+03 -3.509772321290085983e+03
-7.932407138468835001e+03 -6.810941964772888241e+03
-2.176408809871209542e+03 -4.569244203651027419e+03
-3.302630427870652966e+03 -5.317139553321278981e+03
-4.953394786182318967e+03 -2.488687200000000303e+03
-5.291064268894862835e+03 -4.795185875336291247e+03
-5.486552100388070357e+03 -4.369615441548434319e+03
-2.604237795301970891e+03 -1.586446619181632741e+03
-2.336790197199785325e+03 -2.028427072032236083e+03
-1.620476928170142401e+03 -1.560700000000000045e+03
-4.415844792532315296e+03 -4.673590095230397310e+03
-9.810093097633724028e+03 -5.559369670000000042e+03
0.000000000000000000e+00 0.000000000000000000e+00
0.000000000000000000e+00 0.000000000000000000e+00
0.000000000000000000e+00 0.000000000000000000e+00
0.000000000000000000e+00 0.000000000000000000e+00
0.000000000000000000e+00 0.000000000000000000e+00
-1.294922527129276205e+04 -1.245556688765323088e+04
-1.033034129595030754e+04 -1.046533549146367113e+04
-9.384262798957730411e+03 -9.915344097364886693e+03
-8.952530960866595706e+03 -7.664635267605869558e+03
-6.774121826183400117e+03 -6.082835164964008982e+03
-6.119978341698696568e+03 -6.367233040448669271e+03
-7.486705264788316526e+03 -6.473941074786196623e+03
-2.350975643607602706e+03 -2.743327106952508984e+03
-4.939111889251556931e+03 -4.661085320704557489e+03
-4.265611743816924900e+03 -3.253895197423612444e+03
-6.564466610114845935e+03 -2.326128354484324518e+03
-4.905073398907086812e+03 -4.287304918628687119e+03
-3.721954000000000633e+03 -4.675004840717212574e+03
-2.885021455002012772e+03 -2.458567968337348248e+03
-3.484728177338569822e+03 -2.989948298634343701e+03
-1.647335624207488308e+03 -9.404617764336159098e+02
-4.854160978596602945e+03 -2.455227273318000243e+03
-1.057423153123582779e+03 -1.267685470844382507e+03
-3.117922354315739540e+03 0.000000000000000000e+00
-5.422335590826918633e+03 -1.433500000000000000e+03
-9.728000000000000682e+02 0.000000000000000000e+00
-2.592668789392276267e+03 -4.752450078471847519e+03
-5.416136253710554229e+03 -1.658589766200000213e+03
0.000000000000000000e+00 0.000000000000000000e+00
0.000000000000000000e+00 0.000000000000000000e+00
0.000000000000000000e+00 0.000000000000000000e+00
0.000000000000000000e+00 0.000000000000000000e+00
0.000000000000000000e+00 0.000000000000000000e+00
-1.265903910789940892e+04 -1.314748453946473637e+04
-8.824742356871440279e+03 -8.182992990167963399e+03
-6.196790855879560695e+03 -6.476507740155589090e+03
-7.230424052270211178e+03 -7.372152012691033633e+03
-7.076117427897946982e+03 -7.640584743827490456e+03
-7.341829523287446136e+03 -5.652265240408437421e+03
-6.576610583907799082e+03 -6.150752150712776711e+03
-5.832847599402952255e+03 -6.698505742423715674e+03
-3.979212959402814249e+03 -4.996398906812855785e+03
-5.568741752135503702e+03 -3.802087476850399071e+03
-7.118724624062747353e+03 -3.004976306364304492e+03
-4.979898574895127240e+03 -4.109357380749848744e+03
-3.210876202388396905e+03 -2.501936680740760039e+03
-2.964700633533231212e+03 -2.270314071326250541e+03
-2.768113156551714383e+03 -4.355246824296276827e+03
-1.450826973976780209e+03 -2.089445000000000164e+03
-3.380858855734114968e+03 -2.008791865239947811e+03
-1.123182593722989623e+03 -1.196700000000000045e+03
0.000000000000000000e+00 -1.315129717428879758e+03
-6.281884293389560298e+03 0.000000000000000000e+00
0.000000000000000000e+00 0.000000000000000000e+00
-1.981038865309973517e+03 -8.988000000000000682e+02
-5.485963400000000547e+03 -4.096218979707525250e+03
-8.798000000000000682e+02 0.000000000000000000e+00
0.000000000000000000e+00 0.000000000000000000e+00
0.000000000000000000e+00 0.000000000000000000e+00
0.000000000000000000e+00 0.000000000000000000e+00
0.000000000000000000e+00 0.000000000000000000e+00
-1.226070903577261015e+04 -1.230669874954641818e+04
-7.564592442780735837e+03 -7.110686090850559594e+03
-8.028379458759179215e+03 -8.142462018281312339e+03
-7.465134672676628725e+03 -9.149183504885610091e+03
-6.452908488192304503e+03 -6.830518577925375212e+03
-5.950778111378152971e+03 -6.427333079610230016e+03
-7.045488514311556173e+03 -7.561536035478806298e+03
-5.113814468642068277e+03 -5.029736590000763499e+03
-4.379984686133042487e+03 -3.532687345171379093e+03
-4.544201930000789616e+03 -5.950130694769089132e+03
-5.165223019724650840e+03 -4.020024504006485131e+03
-4.849437921661657128e+03 -4.163336302282063116e+03
-4.513295698047366386e+03 -4.600536186610354889e+03
-1.073510700506373269e+03 -1.427013973102063574e+03
-2.888703345479649670e+03 -2.781893051184544674e+03
-2.586586973976780428e+03 -9.775860000000001264e+02
-8.370647550020129302e+02 0.000000000000000000e+00
-2.095754056584433329e+03 -3.236173165400000016e+03
-2.112275600229430438e+03 -3.478299480481563478e+03
0.000000000000000000e+00 -5.366000000000000227e+02
-1.333819779537855538e+03 -9.298171000000000959e+02
-1.707900000000000091e+03 -1.535483000000000175e+03
0.000000000000000000e+00 -1.406250000000000000e+03
0.000000000000000000e+00 0.000000000000000000e+00
0.000000000000000000e+00 0.000000000000000000e+00
0.000000000000000000e+00 0.000000000000000000e+00
0.000000000000000000e+00 0.000000000000000000e+00
0.000000000000000000e+00 0.000000000000000000e+00
-1.119874483423818856e+04 -1.102793006808564132e+04
-6.598729115434921368e+03 -6.758055232573701687e+03
-5.673059630063098666e+03 -5.183787173808475927e+03
-5.233170996258048945e+03 -3.951788249700967754e+03
-4.510090256365924688e+03 -3.797433852828599811e+03
-5.943260902193290349e+03 -3.407441494646165665e+03
-4.717407262879261907e+03 -1.401953613006250407e+03
-2.343224651121555780e+03 -1.910563770114311410e+03
0.000000000000000000e+00 0.000000000000000000e+00
-3.904660051568823292e+03 -3.931000000000000227e+02
-2.105209734210147872e+03 -2.310254134672412874e+03
-2.320758338071593244e+03 -1.693067171935108036e+03
-2.321199999999999818e+03 -2.347023306013128149e+03
-9.223360000000001264e+02 0.000000000000000000e+00
-2.060437378284063016e+03 -6.078999999999999773e+02
0.000000000000000000e+00 -6.254269257996255647e+02
0.000000000000000000e+00 0.000000000000000000e+00
-1.319400000000000091e+03 -6.530720000000001164e+02
0.000000000000000000e+00 0.000000000000000000e+00
-1.608386878939227699e+03 0.000000000000000000e+00
-2.064502400000000307e+03 0.000000000000000000e+00
-3.448170307134345421e+03 0.000000000000000000e+00
-1.930800000000000182e+03 0.000000000000000000e+00
0.000000000000000000e+00 0.000000000000000000e+00
0.000000000000000000e+00 0.000000000000000000e+00
0.000000000000000000e+00 0.000000000000000000e+00
0.000000000000000000e+00 0.000000000000000000e+00
0.000000000000000000e+00 0.000000000000000000e+00
-1.142370864080350839e+04 -1.071970759818327679e+04
-6.668909886267229012e+03 -4.957987092061679505e+03
-6.708238946169602059e+03 -6.961112971283269871e+03
-3.175863090107858625e+03 -4.383801065722050225e+03
-3.985114119897351429e+03 -3.786473154930433793e+03
-1.934719663616550406e+03 -3.839683853797778738e+03
-4.419875438176551143e+03 -3.926824631127158682e+03
-1.621323207082699355e+03 -2.677770950103256837e+03
-3.201488943752282466e+03 -1.344098640266497569e+03
-2.596736258214955797e+03 -8.352478000000000975e+02
-1.378259207725942815e+03 -1.975813413771846399e+03
-4.181509335670420114e+03 -1.474220558517873314e+03
0.000000000000000000e+00 -1.308782999999999902e+03
-1.064200000000000045e+03 -1.218875412028947949e+03
-1.408117865092599232e+03 0.000000000000000000e+00
-1.214799999999999955e+03 0.000000000000000000e+00
0.000000000000000000e+00 0.000000000000000000e+00
0.000000000000000000e+00 0.000000000000000000e+00
0.000000000000000000e+00 0.000000000000000000e+00
0.000000000000000000e+00 0.000000000000000000e+00
0.000000000000000000e+00 0.000000000000000000e+00
0.000000000000000000e+00 0.000000000000000000e+00
0.000000000000000000e+00 0.000000000000000000e+00
0.000000000000000000e+00 0.000000000000000000e+00
0.000000000000000000e+00 0.000000000000000000e+00
0.000000000000000000e+00 0.000000000000000000e+00
0.000000000000000000e+00 0.000000000000000000e+00
0.000000000000000000e+00 0.000000000000000000e+00
-1.373744546985019952e+04 -1.344786728006105659e+04
-2.379991916959369519e+03 -1.079273416288519002e+03
-2.606292479388423089e+03 -2.710821132984124688e+03
-4.002235869434120104e+03 -3.631061480439709612e+03
-3.096931101396057329e+03 -4.318486744398269366e+03
-2.112057405269361880e+03 -2.227726723237914030e+03
-1.278954780247470580e+03 -1.646880732420814866e+03
-1.897619294772699277e+03 0.000000000000000000e+00
0.000000000000000000e+00 -5.971000000000000227e+02
-1.035893524671322439e+03 0.000000000000000000e+00
0.000000000000000000e+00 0.000000000000000000e+00
-1.221157742305871579e+03 0.000000000000000000e+00
-1.381564600000000155e+03 -6.098927799535618988e+02
-1.463219686080760312e+03 0.000000000000000000e+00
0.000000000000000000e+00 0.000000000000000000e+00
0.000000000000000000e+00 -5.401000000000000227e+02
-1.453213819104530558e+03 -1.060460000000000036e+03
0.000000000000000000e+00 0.000000000000000000e+00
0.000000000000000000e+00 0.000000000000000000e+00
0.000000000000000000e+00 0.000000000000000000e+00
0.000000000000000000e+00 0.000000000000000000e+00
0.000000000000000000e+00 0.000000000000000000e+00
0.000000000000000000e+00 0.000000000000000000e+00
0.000000000000000000e+00 0.000000000000000000e+00
0.000000000000000000e+00 0.000000000000000000e+00
0.000000000000000000e+00 0.000000000000000000e+00
0.000000000000000000e+00 0.000000000000000000e+00
0.000000000000000000e+00 0.000000000000000000e+00
0.000000000000000000e+00 0.000000000000000000e+00
0.000000000000000000e+00 0.000000000000000000e+00
0.000000000000000000e+00 0.000000000000000000e+00
0.000000000000000000e+00 0.000000000000000000e+00
0.000000000000000000e+00 0.000000000000000000e+00
0.000000000000000000e+00 0.000000000000000000e+00
0.000000000000000000e+00 0.000000000000000000e+00
0.000000000000000000e+00 0.000000000000000000e+00
0.000000000000000000e+00 0.000000000000000000e+00
0.000000000000000000e+00 0.000000000000000000e+00
0.000000000000000000e+00 0.000000000000000000e+00
0.000000000000000000e+00 0.000000000000000000e+00
0.000000000000000000e+00 0.000000000000000000e+00
0.000000000000000000e+00 0.000000000000000000e+00
0.000000000000000000e+00 0.000000000000000000e+00
0.000000000000000000e+00 0.000000000000000000e+00
0.000000000000000000e+00 0.000000000000000000e+00
0.000000000000000000e+00 0.000000000000000000e+00
0.000000000000000000e+00 0.000000000000000000e+00
0.000000000000000000e+00 0.000000000000000000e+00
0.000000000000000000e+00 0.000000000000000000e+00
0.000000000000000000e+00 0.000000000000000000e+00
0.000000000000000000e+00 0.000000000000000000e+00
0.000000000000000000e+00 0.000000000000000000e+00
0.000000000000000000e+00 0.000000000000000000e+00
0.000000000000000000e+00 0.000000000000000000e+00
0.000000000000000000e+00 0.000000000000000000e+00
0.000000000000000000e+00 0.000000000000000000e+00
0.000000000000000000e+00 0.000000000000000000e+00
0.000000000000000000e+00 0.000000000000000000e+00
0.000000000000000000e+00 0.000000000000000000e+00
0.000000000000000000e+00 0.000000000000000000e+00
0.000000000000000000e+00 0.000000000000000000e+00
0.000000000000000000e+00 0.000000000000000000e+00
0.000000000000000000e+00 0.000000000000000000e+00
0.000000000000000000e+00 0.000000000000000000e+00
0.000000000000000000e+00 0.000000000000000000e+00
0.000000000000000000e+00 0.000000000000000000e+00
0.000000000000000000e+00 0.000000000000000000e+00
0.000000000000000000e+00 0.000000000000000000e+00
0.000000000000000000e+00 0.000000000000000000e+00
0.000000000000000000e+00 0.000000000000000000e+00
0.000000000000000000e+00 0.000000000000000000e+00
0.000000000000000000e+00 0.000000000000000000e+00
0.000000000000000000e+00 0.000000000000000000e+00
0.000000000000000000e+00 0.000000000000000000e+00
0.000000000000000000e+00 0.000000000000000000e+00
0.000000000000000000e+00 0.000000000000000000e+00
0.000000000000000000e+00 0.000000000000000000e+00
0.000000000000000000e+00 0.000000000000000000e+00
0.000000000000000000e+00 0.000000000000000000e+00
0.000000000000000000e+00 0.000000000000000000e+00
0.000000000000000000e+00 0.000000000000000000e+00
0.000000000000000000e+00 0.000000000000000000e+00
0.000000000000000000e+00 0.000000000000000000e+00
0.000000000000000000e+00 0.000000000000000000e+00
0.000000000000000000e+00 0.000000000000000000e+00
0.000000000000000000e+00 0.000000000000000000e+00
0.000000000000000000e+00 0.000000000000000000e+00
0.000000000000000000e+00 0.000000000000000000e+00
0.000000000000000000e+00 0.000000000000000000e+00
0.000000000000000000e+00 0.000000000000000000e+00
0.000000000000000000e+00 0.000000000000000000e+00
0.000000000000000000e+00 0.000000000000000000e+00
0.000000000000000000e+00 0.000000000000000000e+00
0.000000000000000000e+00 0.000000000000000000e+00
0.000000000000000000e+00 0.000000000000000000e+00
0.000000000000000000e+00 0.000000000000000000e+00
0.000000000000000000e+00 0.000000000000000000e+00
0.000000000000000000e+00 0.000000000000000000e+00
0.000000000000000000e+00 0.000000000000000000e+00
0.000000000000000000e+00 0.000000000000000000e+00
0.000000000000000000e+00 0.000000000000000000e+00
0.000000000000000000e+00 0.000000000000000000e+00
0.000000000000000000e+00 0.000000000000000000e+00
0.000000000000000000e+00 0.000000000000000000e+00
0.000000000000000000e+00 0.000000000000000000e+00
0.000000000000000000e+00 0.000000000000000000e+00
0.000000000000000000e+00 0.000000000000000000e+00
0.000000000000000000e+00 0.000000000000000000e+00
0.000000000000000000e+00 0.000000000000000000e+00
0.000000000000000000e+00 0.000000000000000000e+00
0.000000000000000000e+00 0.000000000000000000e+00
0.000000000000000000e+00 0.000000000000000000e+00
