-1.437698059030562945e+04 -1.093705335508451753e+04
-1.437221744245153604e+04 -1.120017172560167455e+04
-1.231689688750306232e+04 -1.136859689706906283e+04
-1.432185419205196376e+04 -1.204641445711012057e+04
-1.536644967405779971e+04 -1.214317009995981607e+04
-1.484184513295088982e+04 -1.161456213638619192e+04
-1.699657169399227132e+04 -1.177125428055905104e+04
-1.737828257101804411e+04 -1.192893537006099177e+04
-1.738576650607158808e+04 -1.203707845342041037e+04
-1.937710140044446234e+04 -1.150109959035451720e+04
-2.066835817494438379e+04 -1.138180282457330031e+04
-2.291083790960644183e+04 -1.259604994444047043e+04
-2.282159569568162260e+04 -1.190989003217705067e+04
-2.330732021882893241e+04 -1.266932091059569393e+04
-2.341885902374848956e+04 -1.333959773651105934e+04
-2.155432535733285113e+04 -1.378323469489081435e+04
-2.362662990490498851e+04 -1.430944486953019441e+04
-2.492413906780811158e+04 -1.589484468377224766e+04
-2.451696566152435480e+04 -1.609026670449135963e+04
-2.559205207471279209e+04 -1.843100821042632379e+04
-2.752877294165473359e+04 -1.726919895974323663e+04
-2.657817737895644677e+04 -1.901170281179073572e+04
-2.799777159030046096e+04 -2.015062262975696649e+04
-1.987057685691954248e+04 -2.040593956634555434e+04
-1.879233566517954750e+04 -1.882633892291439042e+04
-1.834144619867865549e+04 -2.226317507620097604e+04
-2.192156689747482233e+04 -2.740995372776641307e+04
-1.880734373321092426e+04 -2.356688414341695898e+04
-1.648496424980264783e+04 -1.208505220666262176e+04
-1.533379298086700874e+04 -1.299657771783779754e+04
-1.727283640559126070e+04 -1.274345092322653727e+04
-1.494688866804238751e+04 -1.148288918715854743e+04
-1.665801470477901967e+04 -1.120646327437008586e+04
-1.551263981533906008e+04 -1.226886336861390737e+04
-2.084252749961825612e+04 -1.210855203999934929e+04
-1.488527383283307609e+04 -1.131648319683528462e+04
-1.641568396009346907e+04 -1.076925439991830353e+04
-1.541531572977135693e+04 -1.069431538790621016e+04
-1.439306042202789286e+04 -8.638049775329103795e+03
-1.894426719037568546e+04 -1.115525093173372625e+04
-2.434666298332281076e+04 -1.062316779115111785e+04
-1.565577592574527080e+04 -9.757855949126405903e+03
-1.409814683080427312e+04 -5.940422586376736945e+03
-1.493830566446818739e+04 -9.331991272273144205e+03
-1.430641258013066363e+04 -8.062236923034367464e+03
-1.995901152633606398e+04 -8.431502860676735509e+03
-1.693697984788212852e+04 -9.893475479559301675e+03
-1.868458828553689818e+04 -1.268842820605351699e+04
-1.577929085214926818e+04 -8.277092549755760047e+03
-2.085385760880836096e+04 -1.238172010520400727e+04
-2.764559468084922264e+04 -1.322708492946851038e+04
0.000000000000000000e+00 -4.024046068225115960e+03
0.000000000000000000e+00 0.000000000000000000e+00
0.000000000000000000e+00 0.000000000000000000e+00
0.000000000000000000e+00 0.000000000000000000e+00
-2.358777344528237791e+03 0.000000000000000000e+00
-1.486836136987893224e+04 -1.051619601859778595e+04
-1.356698843995465359e+04 -9.587574855110166027e+03
-1.527294064168802288e+04 -1.254313126871447093e+04
-1.315420385645148053e+04 -1.194433511006218214e+04
-1.440160721890274726e+04 -1.116559705289849080e+04
-1.216371080921515568e+04 -9.060906787671836355e+03
-1.376005435561896957e+04 -9.847670288091867405e+03
-1.674235077097528847e+04 -8.639785128835139403e+03
-1.051799953474363429e+04 -8.217380345995354219e+03
-1.078176703226810241e+04 -8.526866168149883379e+03
-1.637813749092591570e+04 -8.886477742853052405e+03
-1.598799122958293083e+04 -7.298978121570766234e+03
-1.749547234981233123e+04 -8.987576332249494953e+03
-1.592698380108268248e+04 -6.676429238165720562e+03
-1.314440610946285415e+04 -5.257404805232931722e+03
-9.881258454477949272e+03 -7.152144224964631576e+03
-1.275040901652953471e+04 -6.161527234477761340e+03
-1.225189327931377375e+04 -4.678401826529703612e+03
-1.130918846426318487e+04 -4.158498584977180144e+03
-8.046504303037798309e+03 -6.821350604740550807e+03
-1.071288557579992448e+04 -3.648728704274509255e+03
-1.339749497576849899e+04 -9.830326304135598548e+03
-1.237132714039904749e+04 -7.706428269080916834e+03
-2.187082324268061711e+03 -2.378072000000000116e+03
-1.921045884160685546e+03 0.000000000000000000e+00
0.000000000000000000e+00 -1.577000000000000000e+03
0.000000000000000000e+00 0.000000000000000000e+00
-2.083082324268061711e+03 0.000000000000000000e+00
-1.507489377476790105e+04 -1.160200557044561174e+04
-1.496512869873647833e+04 -1.127706281848538856e+04
-1.484913153790734395e+04 -1.173771184653297314e+04
-1.436803789737297848e+04 -1.069815801021379775e+04
-1.323433387743502317e+04 -9.368643742690484942e+03
-1.262833347156574564e+04 -1.016795524045002639e+04
-1.006601236341203730e+04 -9.383656007212342956e+03
-1.038356019891046708e+04 -7.589784449658769518e+03
-1.063159775739739962e+04 -5.486856989225541838e+03
-1.215128012090200536e+04 -5.830476342593898153e+03
-6.220727798170302776e+03 -5.454078204285300671e+03
-5.952847838776592653e+03 -4.768523531693254881e+03
-1.135016800708480150e+04 -7.321927914013208465e+03
-1.398422586439715451e+04 -4.315748179856627758e+03
-6.690194065791924913e+03 -4.320885641905669218e+03
-7.072054604890869086e+03 -1.616994887874968299e+03
-4.341793235984201601e+03 -3.621703955586365737e+03
-8.581154351063569266e+03 -5.150899970226926598e+03
-4.779456568985047852e+03 -3.510342741844267039e+03
-1.200341190544545134e+04 -1.775480010641960462e+03
-6.798810347200483193e+03 -2.670280229642644827e+03
-1.573378997532538597e+04 -3.964091962969627275e+03
-1.576410690068743497e+04 -8.836435741687313566e+03
-6.130101442709448747e+03 -1.958400000000000091e+03
0.000000000000000000e+00 0.000000000000000000e+00
0.000000000000000000e+00 0.000000000000000000e+00
0.000000000000000000e+00 0.000000000000000000e+00
0.000000000000000000e+00 0.000000000000000000e+00
-1.622915864609906021e+04 -1.277720542841720817e+04
-1.359361597794694353e+04 -1.238701048970755255e+04
-1.289516308882962585e+04 -1.204192874749055227e+04
-1.270484559037967483e+04 -1.166865439576124118e+04
-9.543343750874864782e+03 -1.035734512781692138e+04
-8.886773552290946100e+03 -7.889739787170247837e+03
-9.164846296719520979e+03 -8.490519936758104450e+03
-9.045740669779408563e+03 -7.224280725469185199e+03
-7.229587755589402150e+03 -6.645517632743214563e+03
-1.002642306065364210e+04 -9.067660270481743282e+03
-1.144867672393454268e+04 -6.414000919856119253e+03
-9.761465334838594572e+03 -6.762006568803213668e+03
-1.166969104608272028e+04 -8.770597000257381296e+03
-6.442645924705411744e+03 -5.115796364131247174e+03
-7.545067110784427314e+03 -6.233297812175816034e+03
-4.953394786182318967e+03 -4.002754377800805742e+03
-5.291064268894862835e+03 -5.737132476892908926e+03
-9.344198035028413869e+03 -4.968353897393591069e+03
-2.604237795301970891e+03 -1.586446619181632741e+03
-4.168244378410411628e+03 -4.627962480175694509e+03
-5.107343615930462875e+03 -2.226073999911875489e+03
-6.014417423489803696e+03 -6.088481418181664594e+03
-1.122554472385933514e+04 -7.087079790225818215e+03
0.000000000000000000e+00 0.000000000000000000e+00
0.000000000000000000e+00 0.000000000000000000e+00
0.000000000000000000e+00 0.000000000000000000e+00
0.000000000000000000e+00 0.000000000000000000e+00
0.000000000000000000e+00 0.000000000000000000e+00
-1.412320974829753686e+04 -1.398604676779126748e+04
-1.188667389222184465e+04 -1.201114725920486853e+04
-1.235170032914720650e+04 -1.222334758488010448e+04
-1.176741904432506817e+04 -1.170668664706986965e+04
-9.510366038162479526e+03 -1.034871126634232496e+04
-8.106178210334201140e+03 -7.539408644116380856e+03
-1.002096950865153849e+04 -7.918891017236982407e+03
-6.645256035432448698e+03 -6.139264885059293192e+03
-6.197933074509734070e+03 -5.008462485248104713e+03
-5.039788352297679012e+03 -5.445911441906132495e+03
-7.226823840699082211e+03 -3.931401621071546288e+03
-6.069279319919393856e+03 -6.567380576613215453e+03
-7.986084867027740984e+03 -6.812024681894481546e+03
-6.324713545856589008e+03 -4.524731920009799978e+03
-3.484728177338569822e+03 -3.615918985589043587e+03
-4.101774577889469583e+03 -2.204227361319472493e+03
-4.854160978596602945e+03 -3.983092676120678334e+03
-1.057423153123582779e+03 -1.267685470844382507e+03
-3.117922354315739540e+03 0.000000000000000000e+00
-7.893199571894657311e+03 -1.433500000000000000e+03
-9.728000000000000682e+02 -1.548862500000000182e+03
-6.077064167005955824e+03 -4.752450078471847519e+03
-5.416136253710554229e+03 -1.658589766200000213e+03
0.000000000000000000e+00 0.000000000000000000e+00
0.000000000000000000e+00 0.000000000000000000e+00
0.000000000000000000e+00 0.000000000000000000e+00
0.000000000000000000e+00 0.000000000000000000e+00
0.000000000000000000e+00 0.000000000000000000e+00
-1.580797509436600740e+04 -1.549558499617760572e+04
-1.131840678214829677e+04 -1.177844229251691286e+04
-9.117026160670080571e+03 -8.213879743444234919e+03
-1.028903154919109329e+04 -1.083779999494298499e+04
-7.869303433071362633e+03 -1.062297654927844633e+04
-8.534426898754445574e+03 -6.760856816275560050e+03
-8.410935347171023750e+03 -8.346812023038481129e+03
-8.864075920608887827e+03 -8.051113129871756428e+03
-8.463935224395492696e+03 -6.121281603457028723e+03
-6.936499733044011919e+03 -6.772511992596980235e+03
-9.877038624745595371e+03 -5.336362435368652768e+03
-7.130063864916641251e+03 -5.435285743648158132e+03
-5.855867351902919836e+03 -4.605792949010132361e+03
-6.877273921711190269e+03 -4.397820644155276568e+03
-3.841436391703559821e+03 -5.000619591825548014e+03
-1.450826973976780209e+03 -2.089445000000000164e+03
-3.380858855734114968e+03 -2.944709726203365790e+03
-1.123182593722989623e+03 -1.196700000000000045e+03
-6.688374091841255904e+02 -3.690003731117392817e+03
-6.281884293389560298e+03 -9.911943617315163237e+02
0.000000000000000000e+00 0.000000000000000000e+00
-3.879194680600969150e+03 -8.988000000000000682e+02
-5.485963400000000547e+03 -5.634238228980992062e+03
-8.798000000000000682e+02 0.000000000000000000e+00
0.000000000000000000e+00 0.000000000000000000e+00
0.000000000000000000e+00 0.000000000000000000e+00
0.000000000000000000e+00 0.000000000000000000e+00
0.000000000000000000e+00 0.000000000000000000e+00
-1.413879302240644392e+04 -1.472246108870790886e+04
-1.037390071957363580e+04 -1.116451771197144626e+04
-1.200003698669042205e+04 -1.184561918015553056e+04
-1.057659370338033477e+04 -1.047553255152637939e+04
-8.118825709713344622e+03 -7.925495113747516370e+03
-9.390024902099405153e+03 -9.769565035443072702e+03
-8.737694512765190666e+03 -8.392781784170054380e+03
-6.190620714870181473e+03 -6.506010950970099657e+03
-6.000911814543871515e+03 -6.541541792189871558e+03
-8.184461512596328248e+03 -7.300118945880740284e+03
-6.437919928414649803e+03 -5.181108808681744449e+03
-7.328876849816801951e+03 -6.155168767669407316e+03
-4.939186606605826455e+03 -6.516059917488411884e+03
-1.073510700506373269e+03 -1.427013973102063574e+03
-2.888703345479649670e+03 -3.709594415857651711e+03
-6.812550632758318898e+03 -2.788494510266608813e+03
-2.203101929544492123e+03 0.000000000000000000e+00
-3.751153198745155350e+03 -3.236173165400000016e+03
-2.112275600229430438e+03 -3.478299480481563478e+03
0.000000000000000000e+00 -5.366000000000000227e+02
-1.333819779537855538e+03 -9.298171000000000959e+02
-3.804318378787035272e+03 -1.535483000000000175e+03
0.000000000000000000e+00 -2.335725267205385535e+03
0.000000000000000000e+00 0.000000000000000000e+00
0.000000000000000000e+00 0.000000000000000000e+00
0.000000000000000000e+00 0.000000000000000000e+00
0.000000000000000000e+00 0.000000000000000000e+00
0.000000000000000000e+00 0.000000000000000000e+00
-1.340273190257026363e+04 -1.383572601475845295e+04
-7.947979263476239794e+03 -8.711730822971816451e+03
-8.223563400097793419e+03 -8.244270494730946666e+03
-6.104441837912542724e+03 -6.033410090104306619e+03
-5.253886978571829786e+03 -5.066944018438578496e+03
-6.971246363365320576e+03 -6.382309103414068886e+03
-5.752578282657212185e+03 -4.948465942182097933e+03
-3.357856838963407426e+03 -4.411745171102802487e+03
-1.053972885913243772e+03 -9.614395402480179200e+02
-3.904660051568823292e+03 -2.273034785964051480e+03
-3.930671419795996826e+03 -2.310254134672412874e+03
-2.320758338071593244e+03 -2.431408642376023636e+03
-3.423631999999999607e+03 -3.032428794719081452e+03
-3.339407955681243493e+03 -8.404142168014443541e+02
-3.625771463608214617e+03 -1.546717819307266382e+03
0.000000000000000000e+00 -6.254269257996255647e+02
0.000000000000000000e+00 0.000000000000000000e+00
-1.319400000000000091e+03 -6.530720000000001164e+02
0.000000000000000000e+00 0.000000000000000000e+00
-1.608386878939227699e+03 0.000000000000000000e+00
-2.064502400000000307e+03 0.000000000000000000e+00
-3.448170307134345421e+03 0.000000000000000000e+00
-1.930800000000000182e+03 0.000000000000000000e+00
0.000000000000000000e+00 0.000000000000000000e+00
0.000000000000000000e+00 0.000000000000000000e+00
0.000000000000000000e+00 0.000000000000000000e+00
0.000000000000000000e+00 0.000000000000000000e+00
0.000000000000000000e+00 0.000000000000000000e+00
-1.282226953227460399e+04 -1.298097489856681932e+04
-7.846299273711893875e+03 -9.575210761361830009e+03
-8.942152583532342760e+03 -9.077949020136051331e+03
-6.783412967680925249e+03 -6.531231749743144064e+03
-3.985114119897351429e+03 -4.908194814090830732e+03
-4.922734614276567299e+03 -4.801729417438349628e+03
-5.223453826028035110e+03 -4.820039434202725715e+03
-2.884881584645993371e+03 -3.652362823615495927e+03
-4.413605417281649352e+03 -1.344098640266497569e+03
-3.932322200876860279e+03 -1.482118553239573885e+03
-2.476311941418099195e+03 -1.975813413771846399e+03
-5.788064186806511316e+03 -1.474220558517873314e+03
-1.486649412949549287e+03 -1.848423965917873375e+03
-1.064200000000000045e+03 -1.218875412028947949e+03
-1.408117865092599232e+03 0.000000000000000000e+00
-2.572337865092599259e+03 0.000000000000000000e+00
0.000000000000000000e+00 0.000000000000000000e+00
0.000000000000000000e+00 0.000000000000000000e+00
0.000000000000000000e+00 -7.122993855092931881e+02
0.000000000000000000e+00 -6.823000000000000682e+02
0.000000000000000000e+00 0.000000000000000000e+00
0.000000000000000000e+00 0.000000000000000000e+00
0.000000000000000000e+00 0.000000000000000000e+00
0.000000000000000000e+00 0.000000000000000000e+00
0.000000000000000000e+00 0.000000000000000000e+00
0.000000000000000000e+00 0.000000000000000000e+00
0.000000000000000000e+00 0.000000000000000000e+00
0.000000000000000000e+00 0.000000000000000000e+00
-1.432876206282484418e+04 -1.546363821844097220e+04
-3.269179302630783241e+03 -5.042267731699064825e+03
-2.606292479388423089e+03 -2.710821132984124688e+03
-5.966982817865734432e+03 -4.869424307049179333e+03
-4.865011215447861105e+03 -4.318486744398269366e+03
-2.112057405269361880e+03 -2.227726723237914030e+03
-2.540622110276468447e+03 -3.162620098838420745e+03
-1.897619294772699277e+03 0.000000000000000000e+00
-1.135796612824263093e+03 -2.291898055205495439e+03
-1.035893524671322439e+03 -6.685346074659668147e+02
0.000000000000000000e+00 0.000000000000000000e+00
-2.278034795733195097e+03 0.000000000000000000e+00
-1.381564600000000155e+03 -6.098927799535618988e+02
-1.463219686080760312e+03 0.000000000000000000e+00
0.000000000000000000e+00 0.000000000000000000e+00
0.000000000000000000e+00 -5.401000000000000227e+02
-2.553292437194077593e+03 -1.649253000000000156e+03
0.000000000000000000e+00 0.000000000000000000e+00
0.000000000000000000e+00 0.000000000000000000e+00
0.000000000000000000e+00 0.000000000000000000e+00
0.000000000000000000e+00 0.000000000000000000e+00
0.000000000000000000e+00 0.000000000000000000e+00
0.000000000000000000e+00 0.000000000000000000e+00
0.000000000000000000e+00 0.000000000000000000e+00
0.000000000000000000e+00 0.000000000000000000e+00
0.000000000000000000e+00 0.000000000000000000e+00
0.000000000000000000e+00 0.000000000000000000e+00
0.000000000000000000e+00 0.000000000000000000e+00
0.000000000000000000e+00 0.000000000000000000e+00
0.000000000000000000e+00 0.000000000000000000e+00
0.000000000000000000e+00 0.000000000000000000e+00
0.000000000000000000e+00 0.000000000000000000e+00
0.000000000000000000e+00 0.000000000000000000e+00
0.000000000000000000e+00 0.000000000000000000e+00
0.000000000000000000e+00 0.000000000000000000e+00
0.000000000000000000e+00 0.000000000000000000e+00
0.000000000000000000e+00 0.000000000000000000e+00
0.000000000000000000e+00 0.000000000000000000e+00
0.000000000000000000e+00 0.000000000000000000e+00
0.000000000000000000e+00 0.000000000000000000e+00
0.000000000000000000e+00 0.000000000000000000e+00
0.000000000000000000e+00 0.000000000000000000e+00
0.000000000000000000e+00 0.000000000000000000e+00
0.000000000000000000e+00 0.000000000000000000e+00
0.000000000000000000e+00 0.000000000000000000e+00
0.000000000000000000e+00 0.000000000000000000e+00
0.000000000000000000e+00 0.000000000000000000e+00
0.000000000000000000e+00 0.000000000000000000e+00
0.000000000000000000e+00 0.000000000000000000e+00
0.000000000000000000e+00 0.000000000000000000e+00
0.000000000000000000e+00 0.000000000000000000e+00
0.000000000000000000e+00 0.000000000000000000e+00
0.000000000000000000e+00 0.000000000000000000e+00
0.000000000000000000e+00 0.000000000000000000e+00
0.000000000000000000e+00 0.000000000000000000e+00
0.000000000000000000e+00 0.000000000000000000e+00
0.000000000000000000e+00 0.000000000000000000e+00
0.000000000000000000e+00 0.000000000000000000e+00
0.000000000000000000e+00 0.000000000000000000e+00
0.000000000000000000e+00 0.000000000000000000e+00
0.000000000000000000e+00 0.000000000000000000e+00
0.000000000000000000e+00 0.000000000000000000e+00
0.000000000000000000e+00 0.000000000000000000e+00
0.000000000000000000e+00 0.000000000000000000e+00
0.000000000000000000e+00 0.000000000000000000e+00
0.000000000000000000e+00 0.000000000000000000e+00
0.000000000000000000e+00 0.000000000000000000e+00
0.000000000000000000e+00 0.000000000000000000e+00
0.000000000000000000e+00 0.000000000000000000e+00
0.000000000000000000e+00 0.000000000000000000e+00
0.000000000000000000e+00 0.000000000000000000e+00
0.000000000000000000e+00 0.000000000000000000e+00
0.000000000000000000e+00 0.000000000000000000e+00
0.000000000000000000e+00 0.000000000000000000e+00
0.000000000000000000e+00 0.000000000000000000e+00
0.000000000000000000e+00 0.000000000000000000e+00
0.000000000000000000e+00 0.000000000000000000e+00
0.000000000000000000e+00 0.000000000000000000e+00
0.000000000000000000e+00 0.000000000000000000e+00
0.000000000000000000e+00 0.000000000000000000e+00
0.000000000000000000e+00 0.000000000000000000e+00
0.000000000000000000e+00 0.000000000000000000e+00
0.000000000000000000e+00 0.000000000000000000e+00
0.000000000000000000e+00 0.000000000000000000e+00
0.000000000000000000e+00 0.000000000000000000e+00
0.000000000000000000e+00 0.000000000000000000e+00
0.000000000000000000e+00 0.000000000000000000e+00
0.000000000000000000e+00 0.000000000000000000e+00
0.000000000000000000e+00 0.000000000000000000e+00
0.000000000000000000e+00 0.000000000000000000e+00
0.000000000000000000e+00 0.000000000000000000e+00
0.000000000000000000e+00 0.000000000000000000e+00
0.000000000000000000e+00 0.000000000000000000e+00
0.000000000000000000e+00 0.000000000000000000e+00
0.000000000000000000e+00 0.000000000000000000e+00
0.000000000000000000e+00 0.000000000000000000e+00
0.000000000000000000e+00 0.000000000000000000e+00
0.000000000000000000e+00 0.000000000000000000e+00
0.000000000000000000e+00 0.000000000000000000e+00
0.000000000000000000e+00 0.000000000000000000e+00
0.000000000000000000e+00 0.000000000000000000e+00
0.000000000000000000e+00 0.000000000000000000e+00
0.000000000000000000e+00 0.000000000000000000e+00
0.000000000000000000e+00 0.000000000000000000e+00
0.000000000000000000e+00 0.000000000000000000e+00
0.000000000000000000e+00 0.000000000000000000e+00
0.000000000000000000e+00 0.000000000000000000e+00
0.000000000000000000e+00 0.000000000000000000e+00
0.000000000000000000e+00 0.000000000000000000e+00
0.000000000000000000e+00 0.000000000000000000e+00
0.000000000000000000e+00 0.000000000000000000e+00
0.000000000000000000e+00 0.000000000000000000e+00
