-2.017378274803476597e+04 -1.095751153096944472e+04
-2.171447301470676030e+04 -1.269375942135516198e+04
-2.228957810625679849e+04 -1.475216964643392930e+04
-2.209965197981034362e+04 -1.572887889115112193e+04
-2.444419662241670449e+04 -1.685747985765146950e+04
-2.456391372405450602e+04 -1.737429838767087494e+04
-2.558755169673167256e+04 -1.827505939113064233e+04
-2.653552264945913339e+04 -1.699048140209076155e+04
-2.758439443657570519e+04 -1.733833988707614844e+04
-2.914410437261472180e+04 -1.788566781426799571e+04
-2.820339801933024864e+04 -1.915899923097637657e+04
-2.939335396640575345e+04 -1.817587761827418944e+04
-3.048600051203370822e+04 -1.934399375816070824e+04
-3.102349925822770456e+04 -1.906520824933120821e+04
-3.184041507545795685e+04 -1.984059688915179868e+04
-3.363973153095546149e+04 -2.034023886751979808e+04
-3.178085201923033674e+04 -2.086843301604366934e+04
-3.203170011626376072e+04 -1.969547738476922314e+04
-3.317299704872138682e+04 -2.353101857577213377e+04
-3.229690823330580315e+04 -2.374524214191334613e+04
-3.282258483710556175e+04 -2.339829142939396843e+04
-3.212810048679879401e+04 -2.276157879120684447e+04
-3.281350292609461758e+04 -2.337757033266539293e+04
-2.568526740838925252e+04 -2.855394320635368422e+04
-2.580820786284844871e+04 -2.379709918142796960e+04
-2.603842868848629587e+04 -2.377599703656603742e+04
-2.799798380452088168e+04 -2.554449759974790868e+04
-2.277560610405049738e+04 -2.873140189208420270e+04
-2.312754021101139733e+04 -1.360243822039043334e+04
-2.548990580408340247e+04 -1.438971244539024337e+04
-2.225131087526132251e+04 -1.567038806534399373e+04
-2.154781642195018867e+04 -1.716372014088580545e+04
-2.513401796158590878e+04 -1.599821384867235611e+04
-2.555759777164453044e+04 -1.651496091092158167e+04
-2.725352691950667577e+04 -1.603927576565535128e+04
-2.584380780360516655e+04 -1.746629065246174287e+04
-2.439782179210797403e+04 -1.787748174312410993e+04
-2.895390001203019347e+04 -1.702105746115788497e+04
-2.614906474624949988e+04 -1.543091343076307749e+04
-2.834537792916538456e+04 -1.746222080746810389e+04
-3.338963269545574440e+04 -1.789456578089619143e+04
-2.676018234308533647e+04 -1.701516821866645842e+04
-2.854531927039435686e+04 -1.433011593993565293e+04
-2.572278358479806047e+04 -1.627884309318519809e+04
-2.458475953066939110e+04 -1.505139446547618172e+04
-2.513363742737925713e+04 -1.550320744669038686e+04
-2.423749001519663580e+04 -1.592347693130278094e+04
-2.795919289705960182e+04 -1.550458117437903820e+04
-2.595746273714533891e+04 -1.519108559193742985e+04
-2.488070395325621939e+04 -1.738933618970011230e+04
-3.134232431445082693e+04 -1.829390216302795670e+04
0.000000000000000000e+00 -6.391412445052312250e+03
-3.158115276272232222e+03 -2.494653290167206251e+03
0.000000000000000000e+00 0.000000000000000000e+00
-3.219979259964069570e+03 0.000000000000000000e+00
-2.358777344528237791e+03 -2.188094216670073820e+03
-2.178490292976840647e+04 -1.244655146092656105e+04
-2.498680982058572772e+04 -1.727220857892008280e+04
-2.288945177353797772e+04 -1.809415702629299631e+04
-2.431108086269229534e+04 -2.040589920403365977e+04
-2.353564321304080659e+04 -1.846617948591685126e+04
-2.550578951547083852e+04 -1.678988362803626660e+04
-2.694298861680756818e+04 -1.915710634233046585e+04
-2.475618948845651175e+04 -1.890734278755058040e+04
-2.409626297021781284e+04 -2.017162058870573674e+04
-2.607990560748328062e+04 -1.770358437236289319e+04
-2.418635443657961150e+04 -1.801600877912389478e+04
-2.777102620902565468e+04 -1.792188055745317251e+04
-2.705790443112236244e+04 -1.910749347064373433e+04
-2.245549272754124831e+04 -1.449115970999665842e+04
-2.466188739906329647e+04 -1.411039190009704907e+04
-2.397488932837354514e+04 -1.564929165077286416e+04
-2.434103018166726542e+04 -1.542779206213035650e+04
-2.121829385041172281e+04 -1.377400603301700357e+04
-1.664580798269622392e+04 -1.018962312158087479e+04
-1.238275245490025009e+04 -1.241316784053283118e+04
-1.728133683367210324e+04 -1.191841329292502269e+04
-2.218291917305472089e+04 -1.430607489013884515e+04
-2.231969793337051669e+04 -1.371450780688388113e+04
-9.096459496149518600e+03 -5.654871091062199412e+03
-6.970627595684982225e+03 -3.166723469999999907e+03
-6.102538056190205680e+03 -1.577000000000000000e+03
-3.319618542406879897e+03 -2.052700000000000273e+03
-2.083082324268061711e+03 0.000000000000000000e+00
-2.253156180729627886e+04 -1.393220699991965739e+04
-2.296192846742075562e+04 -1.735567843520517999e+04
-2.197432351385121365e+04 -1.963185567960292974e+04
-2.387049327698753768e+04 -1.980570241439370875e+04
-2.016524534016057441e+04 -1.890262515121967226e+04
-2.201190545723989635e+04 -1.918077444223654675e+04
-2.456951997047107216e+04 -1.820767999685925315e+04
-2.060706185029715925e+04 -1.676438670124205237e+04
-1.877089809699958278e+04 -1.714269740013897535e+04
-2.128916349318956054e+04 -1.755844737317624822e+04
-1.660477963678741071e+04 -1.641071000334150813e+04
-2.463921335358556826e+04 -1.677759352398592091e+04
-2.451309677217878925e+04 -1.567533507874085262e+04
-2.484262002765224679e+04 -1.489582935124644791e+04
-1.382669556318623290e+04 -1.183203542786305661e+04
-1.580874409167418162e+04 -9.847086645442212102e+03
-1.591197701409171532e+04 -1.262928254810334693e+04
-1.340685480682681737e+04 -1.297880138742570307e+04
-1.088334349770824338e+04 -7.267065211935429033e+03
-1.614752532659466306e+04 -1.074186247084044589e+04
-1.387812121650298468e+04 -8.116979586102660505e+03
-1.893914361313234986e+04 -9.481958844815253542e+03
-1.768381897852564362e+04 -1.588506148321418732e+04
-8.721801765802933005e+03 -7.809143564232686003e+03
0.000000000000000000e+00 0.000000000000000000e+00
0.000000000000000000e+00 0.000000000000000000e+00
-2.952413763968779222e+03 -1.979066698242988195e+03
0.000000000000000000e+00 0.000000000000000000e+00
-2.364063732086123855e+04 -1.741888397702490693e+04
-2.205218041708933015e+04 -1.989647055765743426e+04
-2.345645112092744967e+04 -2.093041481030482828e+04
-2.076244674448112710e+04 -2.045853325870678600e+04
-2.145962779974311343e+04 -1.929356710051231494e+04
-2.239759989247066551e+04 -1.859370272299738281e+04
-1.975294114256760804e+04 -1.903107938096420548e+04
-2.013330066720371542e+04 -1.677915045262832064e+04
-2.005958854238533240e+04 -1.797095883142581079e+04
-1.924909087029003786e+04 -1.539512642917190169e+04
-1.855881798659508786e+04 -1.561818741910303106e+04
-2.014894908222638333e+04 -1.816265313819443327e+04
-1.799029423722064166e+04 -1.808709921752967784e+04
-1.810474537155935468e+04 -1.293707153025269872e+04
-1.265974295346127292e+04 -1.235977591437335468e+04
-1.194823269496386638e+04 -9.679584765191471888e+03
-1.002931809898775828e+04 -8.445326506246745339e+03
-1.653054268884003250e+04 -6.903639449655272983e+03
-8.160454124901449177e+03 -5.514271786634518321e+03
-1.291728705216577509e+04 -6.860891896282047128e+03
-7.770167836301183343e+03 -5.502358238661880932e+03
-1.271431480488859233e+04 -1.283669656587837380e+04
-2.394196915281521069e+04 -1.046507627040489206e+04
-6.199061993855469154e+03 -3.945899893326647543e+03
0.000000000000000000e+00 0.000000000000000000e+00
0.000000000000000000e+00 0.000000000000000000e+00
0.000000000000000000e+00 0.000000000000000000e+00
0.000000000000000000e+00 0.000000000000000000e+00
-2.420442021186306374e+04 -2.045023723442935807e+04
-2.225342535485439657e+04 -2.069531459034313593e+04
-2.222750425695329250e+04 -2.241098239838637892e+04
-2.151912318696405055e+04 -2.110650811389914816e+04
-2.005454017699565156e+04 -1.939176260128061040e+04
-1.968692472965435081e+04 -1.925986714429078711e+04
-1.806758582663632114e+04 -1.844976169881665191e+04
-1.844228754018650943e+04 -1.826804208101651602e+04
-1.788302019057960570e+04 -1.860964329541770712e+04
-2.026191305188396291e+04 -1.755400306496170015e+04
-2.220552411721305543e+04 -1.642270942694839687e+04
-1.792537207191025664e+04 -1.766160008181274679e+04
-2.183172540867671705e+04 -1.500833945773552114e+04
-9.479361945861424829e+03 -1.110951486773088618e+04
-1.495497189312139017e+04 -1.083985715466110196e+04
-1.421197036967154600e+04 -7.321074330331886813e+03
-9.137240645227584537e+03 -7.151739159317110534e+03
-6.895428397608577143e+03 -4.744477896528185738e+03
-8.168551571532617345e+03 -6.555166997624794021e+03
-8.799813237794593078e+03 -2.941412043100039227e+03
-6.784803820622336389e+03 -5.432114098606522020e+03
-1.082465941498192660e+04 -7.155283114885274699e+03
-1.307185991410280621e+04 -5.996147668524511573e+03
-2.829191666713844370e+03 0.000000000000000000e+00
-2.569453175492199989e+03 0.000000000000000000e+00
0.000000000000000000e+00 0.000000000000000000e+00
0.000000000000000000e+00 0.000000000000000000e+00
0.000000000000000000e+00 0.000000000000000000e+00
-2.439005686723494000e+04 -2.117246604044896230e+04
-2.168650387207294261e+04 -2.126890177685484377e+04
-2.222797582540202347e+04 -2.236948354052362629e+04
-2.157248275677238053e+04 -2.293584389394195750e+04
-1.967673121472179992e+04 -2.039451267411896333e+04
-1.967826454712936538e+04 -2.049871390510827041e+04
-2.190191617593901537e+04 -2.108517045337663876e+04
-1.777498813256119320e+04 -1.799928047327076638e+04
-1.906690977948044019e+04 -1.861786545356843635e+04
-1.995395149553844385e+04 -1.775208090858288051e+04
-1.732685025866284923e+04 -1.687923491636775361e+04
-2.042671081929322099e+04 -1.837691218310557451e+04
-1.754457223940963377e+04 -1.474572392929355374e+04
-1.654496676523942369e+04 -1.497914814437476707e+04
-1.738427886498414955e+04 -1.251346585066652005e+04
-1.233796137041289876e+04 -1.080988170650261782e+04
-1.108853914899450137e+04 -1.056123487122513689e+04
-7.723854201853395352e+03 -5.381081606866286165e+03
-5.758429546383378693e+03 -6.386970807070733827e+03
-7.179008875939020982e+03 -8.347426755055195827e+03
-5.739908570208732272e+03 0.000000000000000000e+00
-6.026201876510176589e+03 -6.623596037347867423e+03
-1.011667107711368408e+04 -1.089780575055344889e+04
-8.798000000000000682e+02 0.000000000000000000e+00
0.000000000000000000e+00 0.000000000000000000e+00
0.000000000000000000e+00 0.000000000000000000e+00
0.000000000000000000e+00 0.000000000000000000e+00
0.000000000000000000e+00 0.000000000000000000e+00
-2.403512791265736087e+04 -2.288225249451407217e+04
-2.188085234748827133e+04 -2.183434751971853984e+04
-2.277098957294804131e+04 -2.399152363453332873e+04
-2.171648623659901932e+04 -2.178804520081704686e+04
-2.107341752821186674e+04 -2.301883094933949906e+04
-2.219587986654771885e+04 -2.246155944482382620e+04
-2.242948195610906259e+04 -2.187237321945961230e+04
-2.285068762886117111e+04 -2.246127254699536570e+04
-1.965115214248661141e+04 -1.993470634882344893e+04
-1.855390521431863817e+04 -1.883982311393607961e+04
-2.151434280462750758e+04 -1.908373158725707253e+04
-2.035316314618244724e+04 -1.727271395104377370e+04
-1.792098811671638759e+04 -1.568405433067124795e+04
-1.540552290008682758e+04 -1.499156356231743666e+04
-1.372952156871047191e+04 -1.273535541932427441e+04
-1.510464739019732951e+04 -1.393539836290176572e+04
-1.087319457921264984e+04 -9.961334745122883760e+03
-1.181153891792712420e+04 -1.099662854728900675e+04
-7.484721986450033000e+03 -7.462583099648046300e+03
-8.256068222536005123e+03 -5.673851537334041495e+03
-5.274357270342736228e+03 -4.514845704508203198e+03
-6.194807027353261219e+03 -5.303334818703107885e+03
-4.989617568339162972e+03 -4.277417630245258806e+03
0.000000000000000000e+00 -2.062700000000000273e+03
0.000000000000000000e+00 0.000000000000000000e+00
0.000000000000000000e+00 0.000000000000000000e+00
0.000000000000000000e+00 0.000000000000000000e+00
0.000000000000000000e+00 0.000000000000000000e+00
-2.394707990651041473e+04 -2.378412783761888204e+04
-2.044017908277173410e+04 -2.063902845675195204e+04
-1.987438196045949007e+04 -2.013815807653282900e+04
-1.987440288630188297e+04 -1.918246556371208499e+04
-1.749127699176840179e+04 -1.864440387363874106e+04
-1.810618406211689944e+04 -1.858909463700692140e+04
-1.744430659989396736e+04 -1.769369786829626901e+04
-1.599047866904027251e+04 -1.535594274938083436e+04
-1.182485983966476670e+04 -1.165764772743456342e+04
-1.103317883052449179e+04 -1.143569309902982786e+04
-1.115668258416395292e+04 -8.731757220456544019e+03
-1.019766869091064655e+04 -1.127335451882428788e+04
-9.268188387350679477e+03 -1.039857922184595554e+04
-1.002392278831064687e+04 -8.863594454624220816e+03
-7.252112412176637008e+03 -6.688371238451924000e+03
-2.896236414382463408e+03 -3.682423966968398418e+03
-5.718535688842051059e+03 -2.658286747033124811e+03
-5.066023556866632134e+03 -3.195007977701946402e+03
-5.188830428019760802e+03 -3.355535412340894254e+03
-1.608386878939227699e+03 -2.637466284157997507e+03
-3.985513085433742162e+03 -1.591409046792852450e+03
-3.448170307134345421e+03 0.000000000000000000e+00
-5.615414647368158512e+03 -4.672601613811546486e+03
0.000000000000000000e+00 0.000000000000000000e+00
0.000000000000000000e+00 0.000000000000000000e+00
0.000000000000000000e+00 0.000000000000000000e+00
0.000000000000000000e+00 0.000000000000000000e+00
0.000000000000000000e+00 0.000000000000000000e+00
-2.444750043109426770e+04 -2.417592567228073312e+04
-2.159631271771578395e+04 -2.256376029770204696e+04
-2.078304251419565844e+04 -2.119635630459410459e+04
-1.886616016065483927e+04 -1.975834108559226661e+04
-1.927981977899567573e+04 -1.968374168534145065e+04
-1.771410105682476569e+04 -1.959001966858544984e+04
-1.367405406157086145e+04 -1.360193510172367678e+04
-1.599152292688339367e+04 -1.209283367323620587e+04
-1.191050396841395377e+04 -1.421605010879445581e+04
-1.079552650055322738e+04 -1.079686528665842707e+04
-1.296530410782094441e+04 -1.344588745172290510e+04
-1.174509658615578883e+04 -7.836597253593651658e+03
-1.111344748807886936e+04 -1.026565607547613581e+04
-6.514864985195334157e+03 -5.804632686820335039e+03
-3.201909859132279962e+03 -2.056080296906070998e+03
-5.991431596277077006e+03 -6.759477881700450780e+03
-3.453624763785675441e+03 -1.624472883764415428e+03
-2.295636706000000231e+03 -2.144174441993391611e+03
-3.375264685189638385e+03 -2.467604991362597048e+03
-1.754408508109787817e+03 -2.077237836273227458e+03
-4.154971475128679231e+03 -1.446975788570101940e+03
-2.373680187651017604e+03 -2.521685632287907538e+03
-2.054000000000000000e+03 0.000000000000000000e+00
0.000000000000000000e+00 0.000000000000000000e+00
0.000000000000000000e+00 0.000000000000000000e+00
0.000000000000000000e+00 0.000000000000000000e+00
0.000000000000000000e+00 0.000000000000000000e+00
0.000000000000000000e+00 0.000000000000000000e+00
-2.644780386881406230e+04 -2.850921708558194223e+04
-2.199181046170281115e+04 -2.154390448963843664e+04
-2.026470099689745257e+04 -2.059348775768820269e+04
-1.771771052525332925e+04 -2.096320340318969829e+04
-2.060653295206186885e+04 -2.241528084532604407e+04
-1.541245429833960770e+04 -1.376717171205867635e+04
-1.937806223102229342e+04 -1.784749948315822257e+04
-1.412660475000756196e+04 -1.466784314972833818e+04
-1.233936686551587263e+04 -1.248285665366943613e+04
-7.410018689838164391e+03 -9.094629642736968890e+03
-9.674670722694967480e+03 -1.004139076614110490e+04
-6.493443676139430863e+03 -9.431192260924210132e+03
-8.139351013584609973e+03 -7.582771675963605958e+03
-3.103491476995743142e+03 -1.647593387113597828e+03
-3.695324845786962214e+03 0.000000000000000000e+00
-6.302503038271262994e+03 -1.708879439333770279e+03
-2.553292437194077593e+03 -2.293198524968494894e+03
-2.500251575350491748e+03 0.000000000000000000e+00
0.000000000000000000e+00 0.000000000000000000e+00
-1.917400000000000091e+03 0.000000000000000000e+00
0.000000000000000000e+00 0.000000000000000000e+00
-2.073604749837232248e+03 -1.096956966353410053e+03
0.000000000000000000e+00 -1.023400000000000091e+03
0.000000000000000000e+00 0.000000000000000000e+00
0.000000000000000000e+00 0.000000000000000000e+00
0.000000000000000000e+00 0.000000000000000000e+00
0.000000000000000000e+00 0.000000000000000000e+00
0.000000000000000000e+00 0.000000000000000000e+00
0.000000000000000000e+00 0.000000000000000000e+00
0.000000000000000000e+00 0.000000000000000000e+00
0.000000000000000000e+00 0.000000000000000000e+00
0.000000000000000000e+00 0.000000000000000000e+00
0.000000000000000000e+00 0.000000000000000000e+00
0.000000000000000000e+00 0.000000000000000000e+00
0.000000000000000000e+00 0.000000000000000000e+00
0.000000000000000000e+00 0.000000000000000000e+00
0.000000000000000000e+00 0.000000000000000000e+00
0.000000000000000000e+00 0.000000000000000000e+00
0.000000000000000000e+00 0.000000000000000000e+00
0.000000000000000000e+00 0.000000000000000000e+00
0.000000000000000000e+00 0.000000000000000000e+00
0.000000000000000000e+00 0.000000000000000000e+00
0.000000000000000000e+00 0.000000000000000000e+00
0.000000000000000000e+00 0.000000000000000000e+00
0.000000000000000000e+00 0.000000000000000000e+00
0.000000000000000000e+00 0.000000000000000000e+00
0.000000000000000000e+00 0.000000000000000000e+00
0.000000000000000000e+00 0.000000000000000000e+00
0.000000000000000000e+00 0.000000000000000000e+00
0.000000000000000000e+00 0.000000000000000000e+00
0.000000000000000000e+00 0.000000000000000000e+00
0.000000000000000000e+00 0.000000000000000000e+00
0.000000000000000000e+00 0.000000000000000000e+00
0.000000000000000000e+00 0.000000000000000000e+00
0.000000000000000000e+00 0.000000000000000000e+00
0.000000000000000000e+00 0.000000000000000000e+00
0.000000000000000000e+00 0.000000000000000000e+00
0.000000000000000000e+00 0.000000000000000000e+00
0.000000000000000000e+00 0.000000000000000000e+00
0.000000000000000000e+00 0.000000000000000000e+00
0.000000000000000000e+00 0.000000000000000000e+00
0.000000000000000000e+00 0.000000000000000000e+00
0.000000000000000000e+00 0.000000000000000000e+00
0.000000000000000000e+00 0.000000000000000000e+00
0.000000000000000000e+00 0.000000000000000000e+00
0.000000000000000000e+00 0.000000000000000000e+00
0.000000000000000000e+00 0.000000000000000000e+00
0.000000000000000000e+00 0.000000000000000000e+00
0.000000000000000000e+00 0.000000000000000000e+00
0.000000000000000000e+00 0.000000000000000000e+00
0.000000000000000000e+00 0.000000000000000000e+00
0.000000000000000000e+00 0.000000000000000000e+00
0.000000000000000000e+00 0.000000000000000000e+00
0.000000000000000000e+00 0.000000000000000000e+00
0.000000000000000000e+00 0.000000000000000000e+00
0.000000000000000000e+00 0.000000000000000000e+00
0.000000000000000000e+00 0.000000000000000000e+00
0.000000000000000000e+00 0.000000000000000000e+00
0.000000000000000000e+00 0.000000000000000000e+00
0.000000000000000000e+00 0.000000000000000000e+00
0.000000000000000000e+00 0.000000000000000000e+00
0.000000000000000000e+00 0.000000000000000000e+00
0.000000000000000000e+00 0.000000000000000000e+00
0.000000000000000000e+00 0.000000000000000000e+00
0.000000000000000000e+00 0.000000000000000000e+00
0.000000000000000000e+00 0.000000000000000000e+00
0.000000000000000000e+00 0.000000000000000000e+00
0.000000000000000000e+00 0.000000000000000000e+00
0.000000000000000000e+00 0.000000000000000000e+00
0.000000000000000000e+00 0.000000000000000000e+00
0.000000000000000000e+00 0.000000000000000000e+00
0.000000000000000000e+00 0.000000000000000000e+00
0.000000000000000000e+00 0.000000000000000000e+00
0.000000000000000000e+00 0.000000000000000000e+00
0.000000000000000000e+00 0.000000000000000000e+00
0.000000000000000000e+00 0.000000000000000000e+00
0.000000000000000000e+00 0.000000000000000000e+00
0.000000000000000000e+00 0.000000000000000000e+00
0.000000000000000000e+00 0.000000000000000000e+00
0.000000000000000000e+00 0.000000000000000000e+00
0.000000000000000000e+00 0.000000000000000000e+00
0.000000000000000000e+00 0.000000000000000000e+00
0.000000000000000000e+00 0.000000000000000000e+00
0.000000000000000000e+00 0.000000000000000000e+00
0.000000000000000000e+00 0.000000000000000000e+00
0.000000000000000000e+00 0.000000000000000000e+00
0.000000000000000000e+00 0.000000000000000000e+00
0.000000000000000000e+00 0.000000000000000000e+00
0.000000000000000000e+00 0.000000000000000000e+00
0.000000000000000000e+00 0.000000000000000000e+00
0.000000000000000000e+00 0.000000000000000000e+00
0.000000000000000000e+00 0.000000000000000000e+00
