-1.502785974458554119e+04 -9.553782675614071195e+03
-1.565858406950410972e+04 -1.149052022126420707e+04
-1.456854691092703979e+04 -1.215863282913204057e+04
-1.749030646348190930e+04 -1.254604247928167752e+04
-1.766084960849936397e+04 -1.259639805026569593e+04
-1.789350424545278292e+04 -1.302107795178367451e+04
-1.845379636652734916e+04 -1.237926124085294941e+04
-1.913069467579912816e+04 -1.284900042880165529e+04
-2.035676294102493921e+04 -1.296225348452403523e+04
-2.203849998524723196e+04 -1.255005753057935362e+04
-2.321573263746583689e+04 -1.263611548313184903e+04
-2.578440588365102303e+04 -1.305295393364930169e+04
-2.496235652767521970e+04 -1.309904761260583109e+04
-2.393800828668721442e+04 -1.289848009574942989e+04
-2.463241685268477158e+04 -1.455830983824148643e+04
-2.576459334197514909e+04 -1.484951309686433888e+04
-2.665842684438903962e+04 -1.588903808067743375e+04
-2.713352621137960159e+04 -1.812321909520781628e+04
-2.776277098064573147e+04 -1.666611303408860113e+04
-2.774621863884950290e+04 -2.246338543286659115e+04
-2.686846649907967731e+04 -1.862826773506950849e+04
-2.621900547964469297e+04 -2.033867428761367410e+04
-2.745543980957872554e+04 -2.057652847483550431e+04
-2.173647816179352230e+04 -2.280236394628750350e+04
-2.316000225683202370e+04 -2.455818169593343191e+04
-2.217557386191894329e+04 -2.269852391356133012e+04
-2.597335294742977567e+04 -2.666788061190138251e+04
-1.927094393042516094e+04 -2.555593843022480360e+04
-1.619603778589803369e+04 -1.018085819288962375e+04
-1.810680296015651766e+04 -1.303668826841207010e+04
-1.915415589724598976e+04 -1.346397356839013446e+04
-1.892803807565901661e+04 -1.313983391956248124e+04
-1.868818798693110875e+04 -1.230250713591607928e+04
-1.762269916995430685e+04 -1.207147061213811321e+04
-2.033463259893700160e+04 -1.242739438470750974e+04
-1.835280279559416886e+04 -1.248491037126177798e+04
-1.813046642559183238e+04 -1.203849423894232132e+04
-2.009339513191275910e+04 -1.170078203118001511e+04
-1.538774478301443378e+04 -1.132397844286739928e+04
-2.181023264720654697e+04 -1.249697044508992076e+04
-2.554726744834131750e+04 -1.253486006933297358e+04
-2.148820273092274510e+04 -1.084529978169891547e+04
-1.847150445091838264e+04 -9.172333220864233226e+03
-1.791484089997697083e+04 -1.020214901369206927e+04
-1.430641258013066363e+04 -9.584947651000020414e+03
-2.235382259915892064e+04 -1.018093282539984648e+04
-1.693697984788212852e+04 -1.095176641922222188e+04
-2.021633953642204506e+04 -1.325848839453329856e+04
-1.766603253028512700e+04 -9.004765164682637987e+03
-2.252336021464230726e+04 -1.305487620528198022e+04
-2.810321447860272019e+04 -1.422975691921184989e+04
0.000000000000000000e+00 -4.024046068225115960e+03
0.000000000000000000e+00 0.000000000000000000e+00
0.000000000000000000e+00 0.000000000000000000e+00
0.000000000000000000e+00 0.000000000000000000e+00
-2.358777344528237791e+03 0.000000000000000000e+00
-1.675468104290274277e+04 -1.049146072385085790e+04
-1.630562100625829407e+04 -1.149279256885285758e+04
-1.553447610448972955e+04 -1.303330188564104901e+04
-1.496779576169438769e+04 -1.404909250323027663e+04
-1.761060752186709942e+04 -1.274342365403787153e+04
-1.746773798452333358e+04 -1.157452007677150141e+04
-1.819483353321266259e+04 -1.160031974776777861e+04
-1.845288474468077766e+04 -1.053305749127815034e+04
-1.305018719522972970e+04 -1.005312746896345561e+04
-1.759860137013816711e+04 -1.100891142786358978e+04
-1.637813749092591570e+04 -1.116591887311090795e+04
-1.826578316296198318e+04 -1.102323148008997305e+04
-2.041066261031740578e+04 -1.028080911374761308e+04
-1.870860868733344250e+04 -7.424086342404636525e+03
-1.599157735185181991e+04 -8.088024195362821047e+03
-1.466420143608616672e+04 -9.919283057806722354e+03
-1.682490094950166531e+04 -9.814501817486414438e+03
-1.225189327931377375e+04 -6.966675618701902749e+03
-1.480362610759105155e+04 -6.198761688232279994e+03
-1.011110067635865926e+04 -7.219482662118888584e+03
-1.342263626087783086e+04 -6.386674087598185906e+03
-1.339749497576849899e+04 -9.830326304135598548e+03
-1.237132714039904749e+04 -9.012058767857997736e+03
-2.187082324268061711e+03 -2.378072000000000116e+03
-4.249204403512114368e+03 -1.649700000000000045e+03
0.000000000000000000e+00 -1.577000000000000000e+03
0.000000000000000000e+00 -2.052700000000000273e+03
-2.083082324268061711e+03 0.000000000000000000e+00
-1.719972130529721835e+04 -1.291227454986280281e+04
-1.658782982371932303e+04 -1.383086235202874195e+04
-1.483652307060696876e+04 -1.470359195911391544e+04
-1.647871434069423412e+04 -1.337707538248019227e+04
-1.514752941324974563e+04 -1.297059241760052646e+04
-1.354365812327640197e+04 -1.153790308738842577e+04
-1.436221527908222743e+04 -1.141420452337684219e+04
-1.391838138897194585e+04 -1.052185420560549755e+04
-1.209385149642132092e+04 -8.492931269853190315e+03
-1.349516562357546718e+04 -7.290288308131259328e+03
-8.437895934522181051e+03 -8.865660288638469865e+03
-1.266066797654469337e+04 -6.787352287006587176e+03
-1.514630724975441626e+04 -8.712297925084316375e+03
-1.398422586439715451e+04 -4.315748179856627758e+03
-6.690194065791924913e+03 -6.016805727898295117e+03
-7.072054604890869086e+03 -1.616994887874968299e+03
-6.840373589882236956e+03 -4.636170839539859116e+03
-8.581154351063569266e+03 -5.424877011589911490e+03
-4.779456568985047852e+03 -3.510342741844267039e+03
-1.200341190544545134e+04 -1.775480010641960462e+03
-9.358581349755282645e+03 -2.670280229642644827e+03
-1.573378997532538597e+04 -3.964091962969627275e+03
-1.576410690068743497e+04 -9.707217659583973727e+03
-6.130101442709448747e+03 -1.958400000000000091e+03
0.000000000000000000e+00 0.000000000000000000e+00
0.000000000000000000e+00 0.000000000000000000e+00
0.000000000000000000e+00 0.000000000000000000e+00
0.000000000000000000e+00 0.000000000000000000e+00
-1.784682018820313533e+04 -1.515095317513239388e+04
-1.670742106604619767e+04 -1.543758140897388148e+04
-1.589730195635660857e+04 -1.354052274323244455e+04
-1.472685502307453862e+04 -1.431999307807731566e+04
-1.322667281323566021e+04 -1.281192494970076223e+04
-1.195883574071843213e+04 -1.090199319865291363e+04
-1.108428217147289433e+04 -1.180820464168430408e+04
-1.252704354612185853e+04 -8.979081719428579163e+03
-9.961920941118420160e+03 -9.816644329035398187e+03
-1.002642306065364210e+04 -1.087671746574092140e+04
-1.276079843115711446e+04 -7.856682772025069426e+03
-1.185130635463433828e+04 -9.356522999644812444e+03
-1.208572369193943814e+04 -1.150075737786588434e+04
-1.235447794585090196e+04 -7.092697109333346816e+03
-7.545067110784427314e+03 -7.618834340184933353e+03
-4.953394786182318967e+03 -5.658796202533244468e+03
-7.613407230263492238e+03 -5.737132476892908926e+03
-9.344198035028413869e+03 -4.968353897393591069e+03
-5.061644470593057122e+03 -2.931654823463913544e+03
-8.423341570019349092e+03 -5.392255656501482008e+03
-5.107343615930462875e+03 -2.226073999911875489e+03
-7.963580094542796360e+03 -6.088481418181664594e+03
-1.266578318272144497e+04 -7.087079790225818215e+03
-3.861903521276430183e+03 0.000000000000000000e+00
0.000000000000000000e+00 0.000000000000000000e+00
0.000000000000000000e+00 0.000000000000000000e+00
0.000000000000000000e+00 0.000000000000000000e+00
0.000000000000000000e+00 0.000000000000000000e+00
-1.723051950990829209e+04 -1.677751528221505941e+04
-1.535302328449060224e+04 -1.496369281150613097e+04
-1.439800375812613674e+04 -1.445274986814707518e+04
-1.427731544922466674e+04 -1.340066813148656001e+04
-1.158988601478632700e+04 -1.199572841542684546e+04
-1.086956800778758407e+04 -1.096190412745010872e+04
-1.369484916408936442e+04 -1.155863234865021150e+04
-7.762872410192469033e+03 -7.470367894167365193e+03
-8.033647464553603641e+03 -8.330665871745795812e+03
-9.499323256327139461e+03 -9.452368654745887397e+03
-1.017840453939114377e+04 -6.352854631512478591e+03
-8.464104006128914989e+03 -8.199745146302264402e+03
-1.305305868444740736e+04 -8.391202677657882305e+03
-8.145486225195232691e+03 -4.524731920009799978e+03
-4.884827253190393094e+03 -5.031055599125623303e+03
-5.571967515238762644e+03 -4.112724617920041055e+03
-4.854160978596602945e+03 -3.983092676120678334e+03
-1.057423153123582779e+03 -1.267685470844382507e+03
-3.117922354315739540e+03 0.000000000000000000e+00
-7.893199571894657311e+03 -1.433500000000000000e+03
-9.728000000000000682e+02 -1.548862500000000182e+03
-8.409017452127352954e+03 -5.493387291995166379e+03
-5.416136253710554229e+03 -1.658589766200000213e+03
0.000000000000000000e+00 0.000000000000000000e+00
-2.569453175492199989e+03 0.000000000000000000e+00
0.000000000000000000e+00 0.000000000000000000e+00
0.000000000000000000e+00 0.000000000000000000e+00
0.000000000000000000e+00 0.000000000000000000e+00
-1.666328466195251167e+04 -1.699870122471449213e+04
-1.344107108753564353e+04 -1.476848844795126024e+04
-1.221525999292793676e+04 -1.285438646225589946e+04
-1.222971197032531927e+04 -1.339904497449025803e+04
-1.218813336913895910e+04 -1.236784997120915250e+04
-1.154598079268389847e+04 -9.274888690424213564e+03
-1.264915019483885408e+04 -1.091609415431165689e+04
-1.138439054198596750e+04 -1.026047618061499816e+04
-1.087303314342758313e+04 -7.447194318718344221e+03
-8.448398123876406316e+03 -8.233558580722554325e+03
-1.390303247030700913e+04 -6.704154835935005394e+03
-8.139076689087441082e+03 -7.625351951548229408e+03
-5.855867351902919836e+03 -5.969419268399283283e+03
-1.023214362915461970e+04 -7.485530069526981606e+03
-7.958590298833142697e+03 -7.186123954555369892e+03
-1.450826973976780209e+03 -4.493416712271924553e+03
-3.380858855734114968e+03 -4.870699080344537833e+03
-3.201192520660082209e+03 -1.196700000000000045e+03
-6.688374091841255904e+02 -3.690003731117392817e+03
-6.281884293389560298e+03 -4.920211233402276775e+03
0.000000000000000000e+00 0.000000000000000000e+00
-3.879194680600969150e+03 -2.720620000000000346e+03
-5.485963400000000547e+03 -6.932014406082893402e+03
-8.798000000000000682e+02 0.000000000000000000e+00
0.000000000000000000e+00 0.000000000000000000e+00
0.000000000000000000e+00 0.000000000000000000e+00
0.000000000000000000e+00 0.000000000000000000e+00
0.000000000000000000e+00 0.000000000000000000e+00
-1.748090740445941992e+04 -1.669818508516346265e+04
-1.259135758549788625e+04 -1.433904521682195264e+04
-1.487781540957782272e+04 -1.445880618118857637e+04
-1.289289864723965002e+04 -1.295975354039040940e+04
-1.112640486813682219e+04 -1.084188677472939162e+04
-1.118436024655859910e+04 -1.109496130996621650e+04
-1.146268576271341226e+04 -1.059884728146122325e+04
-8.288954002733977177e+03 -8.262391919066913033e+03
-8.826766220816087298e+03 -8.040706788668798254e+03
-1.189416468990700560e+04 -1.030069593252465347e+04
-1.027883972020620058e+04 -8.459079807153788352e+03
-8.654792249594793248e+03 -8.335401759911283079e+03
-7.432531011702188152e+03 -7.743622442431725176e+03
-3.565471525824917080e+03 -4.148066082001582799e+03
-7.042582343464149744e+03 -4.910084684084164110e+03
-8.831074697871355966e+03 -5.589615489031793913e+03
-3.763489304704125061e+03 -2.151292714324513781e+03
-3.751153198745155350e+03 -5.220338256217318303e+03
-2.841642169780949189e+03 -4.146008293730496007e+03
-2.576847498372323116e+03 -2.669039999999999964e+03
-2.156131931158531643e+03 -2.548235390000000280e+03
-3.804318378787035272e+03 -1.535483000000000175e+03
0.000000000000000000e+00 -2.335725267205385535e+03
0.000000000000000000e+00 -2.062700000000000273e+03
0.000000000000000000e+00 0.000000000000000000e+00
0.000000000000000000e+00 0.000000000000000000e+00
0.000000000000000000e+00 0.000000000000000000e+00
0.000000000000000000e+00 0.000000000000000000e+00
-1.582757075947720296e+04 -1.623350414878293122e+04
-9.553673197449774307e+03 -1.155579226090790507e+04
-1.088866775909853459e+04 -1.121174391384248702e+04
-8.357337247087754804e+03 -9.191149294923161506e+03
-9.144299298690624710e+03 -9.608078272710765305e+03
-7.934246431085452969e+03 -8.235132832260482246e+03
-7.931261784177389927e+03 -8.723399136732896295e+03
-4.514037389444674773e+03 -7.673485198363256131e+03
-2.288330157698752373e+03 -4.602891624429258627e+03
-6.224676873004878871e+03 -5.143947862935725425e+03
-4.859958838193229894e+03 -3.501751912381752845e+03
-5.320016198080996219e+03 -3.712721688375323993e+03
-3.423631999999999607e+03 -3.883533700786250847e+03
-4.841136746518179280e+03 -2.563488995999651706e+03
-3.625771463608214617e+03 -2.087541442467952038e+03
0.000000000000000000e+00 -6.254269257996255647e+02
0.000000000000000000e+00 0.000000000000000000e+00
-1.319400000000000091e+03 -6.530720000000001164e+02
-4.134846979518471926e+03 -8.335016511771714249e+02
-1.608386878939227699e+03 0.000000000000000000e+00
-2.064502400000000307e+03 0.000000000000000000e+00
-3.448170307134345421e+03 0.000000000000000000e+00
-4.081736274853509258e+03 -1.080690350195820656e+03
0.000000000000000000e+00 0.000000000000000000e+00
0.000000000000000000e+00 0.000000000000000000e+00
0.000000000000000000e+00 0.000000000000000000e+00
0.000000000000000000e+00 0.000000000000000000e+00
0.000000000000000000e+00 0.000000000000000000e+00
-1.515138137318643021e+04 -1.690894241827037331e+04
-1.061987008274607251e+04 -1.144147969022479447e+04
-1.078663490142869159e+04 -1.105598107972464823e+04
-8.880089359247202083e+03 -9.838360051838801155e+03
-7.188709919077078666e+03 -6.427942718117579716e+03
-8.582371870792121626e+03 -7.830819186613517559e+03
-7.546418381068982853e+03 -6.390026806854182723e+03
-5.497449030143501659e+03 -6.634600542278334615e+03
-4.413605417281649352e+03 -3.534469017427634753e+03
-4.554605943834747450e+03 -3.021743524359722869e+03
-5.268385508179691897e+03 -3.948593635523660851e+03
-6.809261556012924302e+03 -2.171531099298760637e+03
-2.531058899312504764e+03 -2.534829817580141480e+03
-2.320180000000000291e+03 -1.943951677821897420e+03
-1.408117865092599232e+03 -8.595126541253947607e+02
-3.986847858741746677e+03 0.000000000000000000e+00
0.000000000000000000e+00 0.000000000000000000e+00
-2.295636706000000231e+03 0.000000000000000000e+00
0.000000000000000000e+00 -7.122993855092931881e+02
0.000000000000000000e+00 -6.823000000000000682e+02
-2.120927521254087424e+03 0.000000000000000000e+00
0.000000000000000000e+00 0.000000000000000000e+00
-2.054000000000000000e+03 0.000000000000000000e+00
0.000000000000000000e+00 0.000000000000000000e+00
0.000000000000000000e+00 0.000000000000000000e+00
0.000000000000000000e+00 0.000000000000000000e+00
0.000000000000000000e+00 0.000000000000000000e+00
0.000000000000000000e+00 0.000000000000000000e+00
-1.583553023502537508e+04 -1.917852650484258265e+04
-7.356236622857132716e+03 -8.034048919783708698e+03
-7.301001667822938543e+03 -7.644842652124360939e+03
-6.781640367228037576e+03 -4.869424307049179333e+03
-7.917606289294286398e+03 -7.563646320070064576e+03
-5.566142653439832429e+03 -5.845736365554361328e+03
-3.864560484806605018e+03 -3.600362184807494486e+03
-2.940214861490752810e+03 -2.021193151908712025e+03
-4.889944854793989180e+03 -4.153961322612684853e+03
-1.035893524671322439e+03 -6.685346074659668147e+02
-1.628343780158407071e+03 -6.955739019685712492e+02
-3.497714617253044253e+03 -1.917202462282223223e+03
-3.612477726405060821e+03 -1.675077403926777151e+03
-1.463219686080760312e+03 0.000000000000000000e+00
-2.150263432361858577e+03 0.000000000000000000e+00
0.000000000000000000e+00 -5.401000000000000227e+02
-2.553292437194077593e+03 -2.293198524968494894e+03
0.000000000000000000e+00 0.000000000000000000e+00
0.000000000000000000e+00 0.000000000000000000e+00
-1.917400000000000091e+03 0.000000000000000000e+00
0.000000000000000000e+00 0.000000000000000000e+00
-2.073604749837232248e+03 -1.096956966353410053e+03
0.000000000000000000e+00 -1.023400000000000091e+03
0.000000000000000000e+00 0.000000000000000000e+00
0.000000000000000000e+00 0.000000000000000000e+00
0.000000000000000000e+00 0.000000000000000000e+00
0.000000000000000000e+00 0.000000000000000000e+00
0.000000000000000000e+00 0.000000000000000000e+00
0.000000000000000000e+00 0.000000000000000000e+00
0.000000000000000000e+00 0.000000000000000000e+00
0.000000000000000000e+00 0.000000000000000000e+00
0.000000000000000000e+00 0.000000000000000000e+00
0.000000000000000000e+00 0.000000000000000000e+00
0.000000000000000000e+00 0.000000000000000000e+00
0.000000000000000000e+00 0.000000000000000000e+00
0.000000000000000000e+00 0.000000000000000000e+00
0.000000000000000000e+00 0.000000000000000000e+00
0.000000000000000000e+00 0.000000000000000000e+00
0.000000000000000000e+00 0.000000000000000000e+00
0.000000000000000000e+00 0.000000000000000000e+00
0.000000000000000000e+00 0.000000000000000000e+00
0.000000000000000000e+00 0.000000000000000000e+00
0.000000000000000000e+00 0.000000000000000000e+00
0.000000000000000000e+00 0.000000000000000000e+00
0.000000000000000000e+00 0.000000000000000000e+00
0.000000000000000000e+00 0.000000000000000000e+00
0.000000000000000000e+00 0.000000000000000000e+00
0.000000000000000000e+00 0.000000000000000000e+00
0.000000000000000000e+00 0.000000000000000000e+00
0.000000000000000000e+00 0.000000000000000000e+00
0.000000000000000000e+00 0.000000000000000000e+00
0.000000000000000000e+00 0.000000000000000000e+00
0.000000000000000000e+00 0.000000000000000000e+00
0.000000000000000000e+00 0.000000000000000000e+00
0.000000000000000000e+00 0.000000000000000000e+00
0.000000000000000000e+00 0.000000000000000000e+00
0.000000000000000000e+00 0.000000000000000000e+00
0.000000000000000000e+00 0.000000000000000000e+00
0.000000000000000000e+00 0.000000000000000000e+00
0.000000000000000000e+00 0.000000000000000000e+00
0.000000000000000000e+00 0.000000000000000000e+00
0.000000000000000000e+00 0.000000000000000000e+00
0.000000000000000000e+00 0.000000000000000000e+00
0.000000000000000000e+00 0.000000000000000000e+00
0.000000000000000000e+00 0.000000000000000000e+00
0.000000000000000000e+00 0.000000000000000000e+00
0.000000000000000000e+00 0.000000000000000000e+00
0.000000000000000000e+00 0.000000000000000000e+00
0.000000000000000000e+00 0.000000000000000000e+00
0.000000000000000000e+00 0.000000000000000000e+00
0.000000000000000000e+00 0.000000000000000000e+00
0.000000000000000000e+00 0.000000000000000000e+00
0.000000000000000000e+00 0.000000000000000000e+00
0.000000000000000000e+00 0.000000000000000000e+00
0.000000000000000000e+00 0.000000000000000000e+00
0.000000000000000000e+00 0.000000000000000000e+00
0.000000000000000000e+00 0.000000000000000000e+00
0.000000000000000000e+00 0.000000000000000000e+00
0.000000000000000000e+00 0.000000000000000000e+00
0.000000000000000000e+00 0.000000000000000000e+00
0.000000000000000000e+00 0.000000000000000000e+00
0.000000000000000000e+00 0.000000000000000000e+00
0.000000000000000000e+00 0.000000000000000000e+00
0.000000000000000000e+00 0.000000000000000000e+00
0.000000000000000000e+00 0.000000000000000000e+00
0.000000000000000000e+00 0.000000000000000000e+00
0.000000000000000000e+00 0.000000000000000000e+00
0.000000000000000000e+00 0.000000000000000000e+00
0.000000000000000000e+00 0.000000000000000000e+00
0.000000000000000000e+00 0.000000000000000000e+00
0.000000000000000000e+00 0.000000000000000000e+00
0.000000000000000000e+00 0.000000000000000000e+00
0.000000000000000000e+00 0.000000000000000000e+00
0.000000000000000000e+00 0.000000000000000000e+00
0.000000000000000000e+00 0.000000000000000000e+00
0.000000000000000000e+00 0.000000000000000000e+00
0.000000000000000000e+00 0.000000000000000000e+00
0.000000000000000000e+00 0.000000000000000000e+00
0.000000000000000000e+00 0.000000000000000000e+00
0.000000000000000000e+00 0.000000000000000000e+00
0.000000000000000000e+00 0.000000000000000000e+00
0.000000000000000000e+00 0.000000000000000000e+00
0.000000000000000000e+00 0.000000000000000000e+00
0.000000000000000000e+00 0.000000000000000000e+00
0.000000000000000000e+00 0.000000000000000000e+00
0.000000000000000000e+00 0.000000000000000000e+00
0.000000000000000000e+00 0.000000000000000000e+00
0.000000000000000000e+00 0.000000000000000000e+00
0.000000000000000000e+00 0.000000000000000000e+00
0.000000000000000000e+00 0.000000000000000000e+00
0.000000000000000000e+00 0.000000000000000000e+00
0.000000000000000000e+00 0.000000000000000000e+00
